0.076057939178841
0.07715011887553923
0.07615248001463691
0.07616414292351731
0.0761760021562114
0.07624337377709621
0.07682260428024203
0.07554632586598929
0.07596443256331824
0.07578791762745211
0.07416474732181927
0.07419360848308433
0.0728882231547539
0.07213749715617447
0.071583060677544
0.07158981359105342
0.0715857299118211
0.0715854969450336
0.0716035390426975
0.07231480464135362
0.07159161390468197
0.07158240529320277
0.072304317973072
0.07158451357857573
0.07158842951106098
0.07157488745483093
0.0715933380292568
0.0715774589116645
0.07157524006786418
0.0716073808634007
0.07158653069458754
0.0715919363975325
0.07157745307255864
0.07158012620663062
0.07159841233554227
0.0715461276185371
0.07155303084914591
0.07157062680522228
0.07160238112939221
0.07159160351852539
0.07158868333437146
0.07161866468892811
0.07159283424917791
0.07164590522814324
0.07178523797302565
0.07143001614821924
0.07221740774415072
0.07201376215402072
0.07133354533306904
0.0710453101526417
0.07101183856179111
0.0710822702919895
0.07094764773568842
0.07082705677193953
0.07125514907133433
0.0707875268797503
0.07094041637575053
0.07112016373382397
0.07108457040127472
0.07124726555485669
0.07196917179749847
0.07182106854323453
0.07197344327101025
0.07164085593078488
0.07283776541674424
0.07148278994891982
0.07229776123215373
0.07234656272077732
0.07253191162260064
0.07214539387643623
0.07231745490126291
0.07211306833764283
0.0716059307522932
0.07137515251742814
0.07140753032223303
0.07141633389898094
0.07172625527756421
0.07191043495890777
0.0720402238702785
0.07222942619971257
0.07300315557221969
0.07336058024059938
0.07306153630938703
0.07311953058029277
0.07242467151070289
0.07290391935673454
0.07301998058800609
0.07315599835807474
0.07311953514909621
0.07256768283320081
0.07245638116543104
0.07284444781972003
0.07270654984376765
0.07274166624242154
0.07280855375909724
0.07211272858278948
0.0720944695357607
0.07319026951403064
0.07311117147167825
0.07311466389388802
0.07325750182543023
0.07340447346844722
0.07364121183201691
0.07330304034720601
0.07330111685961928
0.07309660512233614
0.07303097668041755
0.0730323176743186
0.07266755752109548
0.0722264716898431
0.07233035540403965
0.0724348048932542
0.07242518439621548
0.07277953150011804
0.07284109864553173
0.07307483490432616
0.07431001763514321
0.07438102887948553
0.07445203083478188
0.07471018936809974
0.0741494538230602
0.0749427720605539
0.07562939516132801
0.07585439172582921
0.07492682379173274
0.07469064690079928
0.07410047612719713
0.07441394976810266
0.07447334393840621
0.07445929361508588
0.07492258759754031
0.07499914317877666
0.07487402729472975
0.07492998741037829
0.07499722440771898
0.07501971972452186
0.07518590347372989
0.07563230438992447
0.07558502638822559
0.07448499516420634
0.0745535724678013
0.07452785495516658
0.07447261397201002
0.07449508902186788
0.07466697255051692
0.07485888948750027
0.0750225332504153
0.07521838945013408
0.07535831134324981
0.07554001973081607
0.07574069286255121
0.07567491921869696
0.07562289599936482
0.07572186790649381
0.0757764720043602
0.07566198275705556
0.07544674545374738
0.07559665751331951
0.0755283912782037
0.07552769251774315
0.07556259722862478
0.07581685474650676
0.07590255656262108
0.0758701658230914
0.07625763810314004
0.07640538031773601
0.07638588469927214
0.0761779824092711
0.07635053797112606
0.07648644831523978
0.07674931118242743
0.07732459682628938
0.07749651856558555
0.07732511602912354
0.07827902835063895
0.07761239259066394
0.07766850003045216
0.07784243021592997
0.0780552038448543
0.07798344469327266
0.07829892437869945
0.07907434953226956
0.07924725471779749
0.07918672738763974
0.07915957403221217
0.07840768712885739
0.07854415888205132
0.07835296834336394
0.07789957772101105
0.07865613751098639
0.07897351556004362
0.07901173175771392
0.079411321174237
0.07961273909188064
0.0798517561265669
0.0797868528972911
0.07927737935993091
0.07924750478483762
0.07973238186613316
0.0801697752432043
0.08149754004150987
0.08171244972367647
0.08114809589711679
0.08177461728144253
0.08257279276716835
0.08182662927919952
0.08173919684658311
0.08122417862754945
0.08071535778454697
0.08133608010519112
0.08125446238017002
0.08122162186064506
0.08132005760337623
0.08171966429695052
0.08205920069035706
0.08218198062991298
0.08221805584499904
0.08222374353969462
0.08239189902114828
0.08215525591402087
0.08120905457384123
0.08093262535518451
0.0807064523743734
0.08116069808592338
0.08116653143143936
0.08144024837692686
0.08131806108800613
0.08137751585649482
0.08150296390450208
0.08140531752191314
0.08144262014539268
0.08129474741769335
0.08161317240726343
0.08184458271447727
0.0827728161231302
0.08345161017591006
0.08316070156100294
0.08327406804745202
0.0834204821297511
0.08373092493066785
0.08381222056998988
0.08430020514194049
0.08361332916763801
0.08433183624200838
0.08371713113870696
0.08389805999553979
0.08415437973193746
0.08473037895698471
0.084642189500038
0.08483538927798738
0.0847455258865113
0.08504052854213706
0.08437170650100705
0.08464911043147683
0.08554593014560094
0.08609575669322103
0.08610813394630491
0.08632654217409476
0.08698475712871208
0.08628000733155695
0.0859485370701719
0.0859106100843369
0.08603574260875102
0.08603847054408109
0.08617993211296127
0.08559686013627102
0.08558391476015163
0.08559371289091822
0.08554363808709864
0.08625249929278252
0.0863022847497653
0.0865480296869541
0.08675820018677462
0.08699406244309689
0.08687557210974665
0.08706318768761247
0.08657333756942893
0.08723450460568434
0.08716322426896415
0.08724314586161079
0.08657580913699016
0.08670399055869876
0.08691580657663055
0.08757027929565056
0.08753213690330551
0.08758983430630148
0.08708652775397743
0.08682257299798551
0.08684924503320349
0.08680235389260378
0.086674922303677
0.08730963680082092
0.08724649418011685
0.08728151641807919
0.08726785770961275
0.0872396755021474
0.08733673025077708
0.08734503653044691
0.08734917083415152
0.08734385666848749
0.08742939797912237
0.0874397115893947
0.08749720579884068
0.08747213827857539
0.08758810258763974
0.08681477780138998
0.08702103454823994
0.08710367654952657
0.08777362713318518
0.0875451609318896
0.08743457312427519
0.08811035887408189
0.0881954415868034
0.08827497164096451
0.0883576060256426
0.08856093217716578
0.08873032718037903
0.08913440645603393
0.08915685853119801
0.0894743365086235
0.0896489904737395
0.08974682595829366
0.08924147927201082
0.08938534007957578
0.08937975539631324
0.08933486293001665
0.08998091859878403
0.0901033305280475
0.09010686288142404
0.09029927608408864
0.09037744937475044
0.08976416298053372
0.0903576887858179
0.0905084461314442
0.09066032877014944
0.090819747342087
0.09040875926920248
0.09077512528909935
0.09084670712715096
0.09176373378301658
0.09247304320908506
0.09298419953775697
0.09433027583942662
0.09406192736930101
0.09310032448747237
0.09277162295479392
0.09252781184812042
0.09278919418891735
0.09197986011162473
0.09201066399396725
0.09227409592290783
0.093490680228519
0.09384038351855167
0.09397064219987282
0.09423371333293107
0.09455763211037144
0.09471251507239677
0.09444248651105562
0.09453247099994298
0.09467675210831993
0.09478782134049332
0.09474492655870334
0.09457355242766703
0.09463282152662714
0.09459071593967984
0.0946395397566366
0.09418548843044915
0.09426279278310072
0.09495814579274392
0.09497837770286077
0.09500454727319334
0.09501966570881192
0.09502238688044459
0.09499976614989462
0.09457192429004363
0.09521734108591547
0.09521724413838184
0.09524621512068424
0.0952850744134943
0.09550660638584864
0.0957137315665482
0.09575131631303163
0.09576258366998674
0.09583080279143588
0.09568739580472271
0.09585802392920892
0.09512311782056108
0.09519023084843051
0.09528336052873015
0.09531048906329012
0.09595499648619092
0.09600688029163301
0.09600705342404837
0.09603787611229518
0.0960560243676951
0.0959706936379072
0.09602928064722628
0.09603831974212011
0.09608069250608545
0.09691154593166108
0.09641319122397178
0.09651285163676114
0.09667889709672374
0.09683276531512248
0.09702909428362373
0.09785179166637804
0.0978466981056267
0.09727623518259036
0.0976313470507986
0.09769896886696854
0.0978512430037338
0.09769905033346447
0.09762677360875961
0.09776002616305932
0.0979379102607837
0.09746941822885312
0.09751809994593608
0.09756672853745056
0.09766267726242135
0.09783838766359537
0.09793631947086494
0.0987103086946873
0.09884047040861002
0.09889859963609897
0.09885815882763624
0.09867061761253505
0.09855759270176173
0.09863910372080065
0.09861689708296208
0.09844482865832717
0.09847996027129303
0.09850379037020812
0.09840944466375806
0.09837019036091947
0.09840219734500547
0.09841085453883602
0.09832578606150588
0.09860324691840017
0.09867459036146538
0.09861178017561027
0.09856429101337183
0.09847891038064217
0.09824497010595455
0.09823795113257502
0.09754574869328062
0.09746802303944872
0.0977093364537763
0.09775845915675856
0.09781583731958757
0.09783729859030366
0.0979215221070357
0.09804225134789656
0.0984365434431089
0.09855529008050276
0.09848418567269275
0.09851575757682858
0.09862724127021241
0.09969663932102808
0.09903199635566386
0.09907193045485933
0.09834316798975141
0.09841276780669078
0.09840175386553773
0.0992229720785063
0.09930513963087965
0.09936445449139693
0.0993440003352895
0.09922990692770466
0.09911949669685695
0.09909955818603759
0.09905220529735839
0.09845478233393136
0.09830010195907765
0.09820359099594221
0.097983480357253
0.09791166508248576
0.09708544996244521
0.09702990473862998
0.09766977282793142
0.09772323548806755
0.0975207330106247
0.0975646830386302
0.09731314151914165
0.09728089153008107
0.09722072581623027
0.09721136389911889
0.09720727110407928
0.09721788036992904
0.09721985758891026
0.09721851573554262
0.09715604210855266
0.0970564418248743
0.09685129294125709
0.09678485027015851
0.09684176766038824
0.09619717171018247
0.09664655549453352
0.09595291379309168
0.09595732401462823
0.09581368135782081
0.09648132001923396
0.09660569022624509
0.0964718015174389
0.09651558737616606
0.09658653579342512
0.09655493209171698
0.09657482558866815
0.09649048923647921
0.09652949759005834
0.09650672515027418
0.09650354866324606
0.09648656252073347
0.09651081488627396
0.09651230110137814
0.09653348696483136
0.09658633483116753
0.09662562023934022
0.09675131412451336
0.09669886263273612
0.09686438559971115
0.09700797539664867
0.09696546301229902
0.09642338039106174
0.09632483735306087
0.09612628160601937
0.09585637895371946
0.09559586816746414
0.09604010273347303
0.09566479665332593
0.09557380876590513
0.09545282607366493
0.09536382561340666
0.09513429333872933
0.09497771482467024
0.09487600691764342
0.09479304709834128
0.09457989470773163
0.09463653322217128
0.09457621203883161
0.09454191281443153
0.09451251249473898
0.09445118308350539
0.09440563713407815
0.0944526539782555
0.09440562033305877
0.09438508058616984
0.0943681972282911
0.0943949792884216
0.09438068572917711
0.09439971436749862
0.09436476946662552
0.09436329255551629
0.09443179394227003
0.09440959362189412
0.09439631102029931
0.09436623215300613
0.09434369213870991
0.09440248588547709
0.09435965913608302
0.09433315042287915
0.09425617717933729
0.09424694663083957
0.0935335531943144
0.09349877055000944
0.09349536480897928
0.09344948094463924
0.0934086936872558
0.09330132513187113
0.09398084412171792
0.0939026229129025
0.09367516584988118
0.09347494969343781
0.09352562103117398
0.09340027235867827
0.09329735385590336
0.09309303545909144
0.09312611260751193
0.09315667284610117
0.09311957309725989
0.09296288960492627
0.09310019019349206
0.09244092025454807
0.09234526540143648
0.09257680914518367
0.09266316100767014
0.09264763043279761
0.09347840707803698
0.0932599125942195
0.0927888684811389
0.09220937311528796
0.09208510220753517
0.091827472585555
0.0917694335106832
0.09165700703243312
0.09152205636487254
0.0914010600967597
0.09072091854348098
0.09056950829370215
0.09049324562871021
0.09081661954134355
0.09037328055374073
0.09002471639119791
0.08983157160745958
0.08969529924132
0.08924968903787824
0.08920475641124875
0.0890464315815022
0.08868399110869382
0.08798114362234068
0.08837990576507634
0.08774210106118303
0.08739298058119445
0.0879439737541261
0.08784563647778565
0.0870738395480337
0.08762000749081358
0.08760071845367902
0.08741106963825745
0.08729662808342228
0.08725001160925133
0.08714589178334473
0.0871143033710209
0.08711451023691674
0.08714420979275064
0.08711915390629497
0.08706303116847715
0.08649199202902783
0.08644407916829318
0.08649111310658344
0.08625156832004001
0.08551345084989385
0.08506392630858631
0.08478300275418145
0.08510017660007174
0.08485402017418664
0.08449386337888831
0.08432256082690716
0.08329853399336967
0.08305706155652488
0.08329370112182348
0.08254053077838376
0.08343529324551212
0.08216388060481725
0.08204212268194463
0.08191193044933329
0.0809860162591595
0.08092386428477012
0.08147659696054088
0.08133908452213685
0.08113675326012915
0.08102151636326341
0.0801537749561468
0.0800855664163822
0.08064516769760477
0.08066828884592056
0.08046424894027701
0.08011710869437186
0.08002412627217316
0.079580831776325
0.07934671846233686
0.07935197105216431
0.07899445820362856
0.0789050646264166
0.0785498824614474
0.07795235044012175
0.07782974868373965
0.0776605013890704
0.07750886695606952
0.07739915769852417
0.0778824584690951
0.07778172508529696
0.07763139892466947
0.07759432870402631
0.07739178075289774
0.07708582520620672
0.07684419647918404
0.07693063370388512
0.07684114622241846
0.07686516875373493
0.07670077038163411
0.07630202712685005
0.07560127965417371
0.07551787262722937
0.07524258928598797
0.07516978909674892
0.07514756236725169
0.07513554967321892
0.07505594509626017
0.07482629058011879
0.07540037357454271
0.07521260753019184
0.0751615959023875
0.07508865809873484
0.07520567126057787
0.07542490591147344
0.07535378064177115
0.07531398436279578
0.07532495497800137
0.07411834367086838
0.07347826446191087
0.07312167303648241
0.07263207712313499
0.07214128190553416
0.07245653444569995
0.07211559473615498
0.07194641586870405
0.07182324407785637
0.07184975807768909
0.07100499004167467
0.07074427470811266
0.07109434048210965
0.07063636299174528
0.07001268384140927
0.07063719108641542
0.07038191002348332
0.0699724718171381
0.06936171018094892
0.06952387923837879
0.0696062908805339
0.0696052919440144
0.06930567990640463
0.06915980178252344
0.06910701274877074
0.06878947238655903
0.06874590834517737
0.06889482560847622
0.06892704784695518
0.06799032130918857
0.06873652139824611
0.06816650017257937
0.0684182713198611
0.06806433936922944
0.06777630069818102
0.06754492982743118
0.06712273950874564
0.0669233431379383
0.06660380543266312
0.06654974452514978
0.06616788991779492
0.06531029847336298
0.06572190177838058
0.06563739776033285
0.0654803301865782
0.06497505233657551
0.0646664156497378
0.06450295329863513
0.06425326152067008
0.06411480262625119
0.06399815663922229
0.06361869406125324
0.06351967110606088
0.06361795770997586
0.062300589611152
0.06273036940349686
0.06156154324174466
0.0613391259010565
0.06103762703009603
0.06082269805185835
0.06047840394325327
0.06119988965623722
0.06049280390983369
0.060118324985695575
0.060028927627145096
0.05946795982021203
0.059284617958913904
0.05905028260810581
0.05887861789703347
0.05840815397783323
0.058464728366440184
0.0574303221599686
0.05742428810340126
0.05704611898303858
0.05671635417829368
0.056275882143471644
0.055931370785472605
0.05508934204957223
0.05460679930321325
0.05416995606941808
0.053874519769656924
0.053656272794185264
0.053049193624570105
0.05183629053840656
0.05204359345890257
0.05174129856655678
0.05120290486154124
0.05059503149463356
0.050802199054385475
0.05047794299382751
0.050261693604600546
0.04990497007044087
0.04958017275141617
0.04890229834615689
0.04765700386188065
0.04681667655984469
0.04515767392956187
0.044795213394348665
0.04416187334772746
0.043339512886471754
0.042857114155800895
0.042493346166468576
0.04241713543241729
0.042035723594548796
0.041846804381407574
0.04146752097601155
0.041509526381532984
0.0406485673395253
0.04046729311128634
0.040144125445851706
0.03963642164830548
0.040047409791256684
0.03991544357415954
0.03944926770029571
0.03923020640727151
0.03878197150935877
0.038591966107972046
0.03816285004124939
0.03774752660169165
0.037299695699235115
0.03649921091396592
0.036105042376427
0.03570952779275038
0.034586167374176364
0.03444556395132733
0.034301136282153956
0.034180844941415864
0.034737239813444946
0.034668173518015426
0.034540549869477716
0.03426979549309608
0.03446540225705028
0.03428204048151627
0.034245464531618024
0.03435297653334995
0.03439577096922235
0.034404927039082774
0.03449483083130856
0.03462309921531702
0.034809484169557064
0.03416873148128929
0.03327908948032767
0.032696530682169794
0.03218248516704383
0.0317906307839818
0.03078390885151581
0.030232096666497135
0.02922404235635944
0.028340257426155306
0.02775261382655665
0.02733472071329632
0.026621593863155723
0.025650977194278748
0.024701461100944136
0.024170741268010474
0.023166773101648195
0.023635778403498647
0.023503219799893962
0.023072205845818986
0.022842873246728672
0.022720240654278245
0.02224930397834841
0.022017997560764162
0.021211549252335066
0.020586248484882417
0.019716044220901476
0.019178593071906534
0.018383007364492228
0.01728799460295395
0.017727090009724607
0.017623057803214923
0.01723995635792802
0.016561693200813254
0.015940938536074804
0.015631155653020656
0.015371925496728545
0.015340947444114164
0.014080504481764785
0.013810228822758777
0.013354963734062319
0.01308829386149977
0.012422912702684885
0.011659208950849868
0.011254544652734804
0.010773075711132486
0.010339546184811248
0.010317169582342755
0.010330194863420602
0.009460128390755537
0.009370326109076543
0.008912697016118768
0.008496370454680347
0.007649128822319544
0.007691059211830129
0.007736163993568132
0.007802464272348115
0.00833482456577833
0.00928494395609358
0.01028051484710498
0.01135276558442789
0.013179653998836088
0.012810518634971556
0.014511291411503374
0.01634287461143855
0.017271654095813115
0.01580081422009464
0.01555095789918601
0.014235405346925634
0.012841620745383359
0.011463051478467497
0.010042296165879963
0.008193908969733599
0.007205493007120595
0.005988990563595894
0.005277276196738765
0.0038262042347588635
0.003535052192548383
0.003114201841409153
0.00393375784069521
0.0053419480853557156
0.005937171376972505
0.005463623059867959
0.005503712865918559
0.006059135643826371
0.007348286483599202
0.00817942611018191
0.008415280939083572
0.008381950446525345
0.008381950446525345
0.009557577358466556
0.009863809054678903
0.009291022276211454
0.00951029375414389
0.009735725023930877
0.009857917578286014
0.010123848821764961
0.010561301541409523
0.01074983887825958
0.010726313888530362
0.01164505180578755
0.012014090728400073
0.012101198927156755
0.012530834600652737
0.012765671701683265
0.013084757957395707
0.013306998782429231
0.013675995803991195
0.01393515528848525
0.014057218947796003
0.014040201131799846
0.014148080564094102
0.014313573745168092
0.014718253470985203
0.014945751095808308
0.015085329997960235
0.015231935757287318
0.015030821196627926
0.015128118623439619
0.015305620500579169
0.015632405751776168
0.016587244221114128
0.016453529583061666
0.017151360938458548
0.01736382156574686
0.017503913286523464
0.01792681909115465
0.01840870328219963
0.01927844501297455
0.019961627704591315
0.020727327036745728
0.021516343373616364
0.02305900262963341
0.024029839580375953
0.025082719249131663
0.024881047630190875
0.024898673988835295
0.025064123855503002
0.025303716528578383
0.025528860964917178
0.025906100182802528
0.02595968680790797
0.02636495091977868
0.026892150497636543
0.02729955643923995
0.027814254506692716
0.028214937980430975
0.028338542030723
0.028857568642893697
0.02884397640608955
0.029044730447644603
0.02958149082060484
0.030232222319067168
0.030862257640823933
0.031502078365588486
0.03197475085253365
0.03238478056116607
0.03325645537586545
0.03403536385623399
0.03467983949493689
0.035782636815043754
0.03588568967180601
0.03669582234848328
0.037477575810543465
0.038187895951865614
0.03890579455925031
0.03991862424263671
0.04122751441878156
0.04201846655303489
0.04356737578105204
0.04470110320882703
0.04597313955444877
0.046713755733558904
0.04721763388077676
0.04702317870338774
0.04710191187342247
0.047049551578825614
0.047175478625660676
0.04717588673514757
0.04730033756305029
0.04830125774014703
0.04871263702727395
0.04829296870740581
0.04877704788385065
0.04930633691725281
0.04991181342226576
0.05031596379553098
0.05096845767562228
0.051528097116959305
0.052042554297830786
0.05260724981333182
0.05334283173210357
0.05413266755231535
0.05437039434773232
0.05485560192947084
0.055591297608010064
0.056849122385296665
0.05727316718212956
0.05767579415975747
0.058394183061645885
0.05900064821260785
0.059718202566158805
0.06045337028907486
0.06107844340259224
0.06101693380262408
0.06144415758464848
0.06101455882423821
0.06126898946079122
0.06145910350351678
0.061653012978151636
0.06195400541085506
0.062350016451296106
0.06249322625905236
0.06270034408668974
0.06275666778679541
0.06287019895266331
0.06308128594602483
0.06343840431042942
0.0636457186848841
0.06375144467875465
0.0639621667935236
0.06428457041795903
0.06469873061638552
0.06505957131285114
0.06504695698866723
0.06512152049147646
0.06548518291687876
0.0657594542404512
0.06600002531745433
0.06653706755593615
0.06707762280531847
0.06779161216710759
0.06889045409301386
0.06948122116325552
0.07036620883864712
0.0715847828089429
0.07207970118967999
0.07274972992239329
0.07321699381453112
0.07413802744286592
0.07498766944355954
0.07559752015349228
0.07640953345137314
0.07787686377944063
0.0785425462719698
0.07974144614043333
0.08093273233262013
0.08093273233262013
0.08321870127413672
0.08420414345896515
0.0859143005803753
0.0865307942665725
0.0880721936552216
0.08876784877316124
0.08995273172520282
0.09096959853822162
0.09218440895699305
0.09372103251224269
0.09476433293274455
0.0954226846205095
0.09655326073485082
0.09781320367292103
0.09876384360139821
0.10003061603231896
0.10108388888164066
0.1021126189019342
0.10294074988877368
0.10408048185527674
0.10486740367418795
0.10575885882502899
0.10693411309004533
0.10797041601239316
0.10939781929302039
0.11044639864236715
0.11236890637606034
0.11386211236972359
0.11393776920948777
0.11497801502803882
0.11641189217198826
0.11652645297782346
0.11702600227835726
0.11758805970115899
0.11801465843937604
0.11828644190914793
0.11858266452034075
0.11907123285944529
0.1197095908920515
0.1204903256990195
0.1211263898400884
0.12272117268366427
0.12280618915100702
0.12389691744800913
0.12479098075043653
0.12517678884451636
0.1258614331904622
0.12651878128743121
0.12728319707900268
0.1279547500271516
0.1286016640760998
0.12885848919333143
0.12943778995089705
0.1300915873786614
0.13046037338795685
0.1310455876071307
0.13188318522912978
0.13260627409739562
0.13359684273559697
0.13475107952616888
0.13506861451027968
0.13590908516491632
0.13685267351781663
0.1372597385566569
0.13798155633288256
0.1386977334188157
0.13921069491640123
0.13991924994332683
0.14059152346556897
0.14105091682419876
0.14137609942166152
0.1415616694010297
0.14179784308770454
0.1420841419959905
0.14264012685562555
0.14346104775534582
0.14417171060605882
0.14481632020474727
0.1455184391707896
0.1463505666700027
0.14736327312566963
0.1482153727675118
0.1490773127381936
0.14976273362893217
0.15057516467756563
0.1519778008864537
0.15309223310984027
0.15426207177116277
0.15563590338371286
0.15730292652599592
0.15833835759585607
0.15886935885109993
0.1595299176034572
0.15980614178130165
0.15971913024250126
0.16012356703455183
0.15999789017666532
0.1600525325807204
0.160216209054183
0.1601655485853092
0.16045972231436445
0.16033197952170272
0.1604520052097381
0.1609867519344548
0.16119317659228577
0.16194183588849173
0.16193788368084022
0.16235959537596595
0.1630919302896755
0.16303801826171632
0.16386176554085846
0.16433643781570872
0.16487148668428797
0.16501732816217046
0.1655280634416913
0.16577375572356723
0.16617175810122467
0.16733534747330747
0.16759341434042208
0.16822337768455556
0.1690281668964971
0.16945425682175982
0.17009179142651887
0.17099346006201627
0.17202905072321464
0.17259228683651304
0.17362584191422883
0.1745219117675149
0.17535439230709987
0.17610641025772533
0.17726284101926887
0.17772053646798633
0.17822166743655943
0.1790604854900786
0.1802731716620904
0.18097314327634506
0.18197637964854738
0.18252544078026345
0.1834576020112233
0.18453564412649545
0.18484897300211325
0.18576097142620865
0.18674174052685766
0.18748789699506363
0.18817097338740044
0.18910327004100447
0.19004048022858816
0.1906903825480489
0.1906903825480489
0.19275180245566473
0.1941597452518198
0.1951565614975232
0.1959821398347168
0.1966419894640388
0.19754528391144158
0.19815329951238503
0.1987950884822745
0.1996806161075257
0.2001588907810111
0.20027740615076522
0.20109154433181944
0.20141806398198295
0.20150604846158165
0.20191085940886982
0.20229683437053658
0.20237104444633014
0.2026621154020596
0.2032389141325364
0.20578975576563388
0.20704364751346907
0.20664486777596783
0.20646116681328391
0.2081792924009325
0.2081816959720872
0.20887657771586923
0.20941863235884925
0.21098660588581047
0.21263324919987933
0.21284605344107937
0.21361769457088337
0.21465567968400315
0.21564653585671792
0.21671071317850812
0.21741332533822208
0.2187379858087941
0.2194583791540151
0.22053288927793763
0.22127156163804282
0.2231281708882272
0.2239911946955143
0.22566529690869655
0.2265569837650109
0.22786397175151168
0.2293713017492845
0.23072336843491648
0.23159934893375342
0.23344769599015486
0.23357144872743946
0.23475013929857447
0.2355923870210336
0.23627950109321527
0.23668360579181422
0.23727602824592725
0.23756024407722245
0.23793116163935307
0.23858041632987
0.23974151068979235
0.2401008253786614
0.24068648471102264
0.24155057690184198
0.241607493765236
0.24246591558943695
0.24322996958577214
0.24365180489403188
0.24464399485786087
0.24552286807302087
0.24628526108825283
0.2474206672697975
0.24807674057109835
0.24848532498001347
0.24899919927919056
0.2496983691223487
0.25025407789716236
0.2507039201265087
0.25184369434967563
0.25224410427423466
0.25286153571265874
0.25346072006888204
0.2542019770060895
0.2553060474534042
0.2561886858695953
0.25718626877159617
0.2581696927389842
0.25956025875798455
0.26192736133767275
0.2630097520363259
0.2641184517596572
0.2655893120838221
0.2659944401873797
0.2669479114565342
0.2682149417000778
0.2688176178220234
0.2695009282031906
0.2702052270653228
0.2708869625577564
0.2714162102026108
0.27200571116125705
0.27261775594867155
0.27262422995739793
0.2730189129244185
0.2733000435761725
0.2738070965928429
0.27399367357632237
0.2754008512561675
0.27576511372617185
0.27589288731392186
0.27784818119749094
0.27780071135304596
0.2799592607809736
0.2811654821307484
0.2825491927041681
0.28531908343088247
0.28814883392548113
0.2909440929236657
0.2955511825268515
0.29683641636085517
0.29871502626237284
0.2988226032286161
0.30011831172496656
0.30150788324978
0.30372889750357435
0.3061653976016037
0.30868014351886985
0.31149140311808005
0.3149464281834115
0.31699225998332375
0.31735364985744685
0.3190542878080068
0.3206045198232922
0.3227989676507323
0.3243825738705593
0.32628518472213075
0.3269537200829393
0.32700879736277794
0.32753090784555905
0.3278045258031299
0.3284826165048844
0.3286916688186162
0.3284577110453782
0.3280521514782251
0.32821998712000566
0.3293625069703412
0.33000278478552386
0.33065678727030423
0.3307966716139811
0.33104488649634445
0.33170572016525496
0.33167578504339695
0.331647318355742
0.33190181350021347
0.33247603749284216
0.333060694561439
0.3333072142391001
0.33433332105718777
0.33562122411392054
0.3361583720408053
0.3376710783110093
0.33835406546535934
0.33999769417628434
0.3407681576703385
0.3418780328806807
0.34277302828107864
0.34517300512309007
0.34528536088615785
0.3452770417664475
0.34623248621701425
0.3465846022484072
0.34634522432209774
0.3475225712494424
0.347225066870243
0.3475570621679683
0.3481979140460339
0.3487662363749727
0.34913832298016667
0.34890807669566304
0.3488764515734527
0.3491834521850511
0.3494721131292947
0.34953127863971567
0.3498349001079601
0.3497425247792574
0.3498492000894723
0.35021540331589784
0.349624851582741
0.3498710301397867
0.3500910590853185
0.35038108535445295
0.3510010736795194
0.35065708926892675
0.35075994050832904
0.35127568748558774
0.3516368545780022
0.35188472218414757
0.3522294369667794
0.3525149807858768
0.35288013864640166
0.35328649651747934
0.3535059524758235
0.3539620362557866
0.3490362028341444
0.3489202207460581
0.34854775031402707
0.3483144559213269
0.3470237394577902
0.3474161213298753
0.3475858485682419
0.3479279812874119
0.34806018375933734
0.34823306255031145
0.34286869565604566
0.3424126932500008
0.34188233233209103
0.34163366703485537
0.34088666490384834
0.3397936843593754
0.33836123262184303
0.33607420321778975
0.336064608965308
0.33625728504707725
0.33628823331862084
0.33637080032921074
0.331841971754832
0.32980697209503534
0.32909198222584896
0.32802003354725345
0.3278911292199992
0.328156848739046
0.32728435948502305
0.32693895663327915
0.3268287492117807
0.3266507909998323
0.326510280142055
0.32412970751274817
0.32512974050383353
0.3247058555988209
0.3235044134409144
0.32349265234372554
0.32401218530986003
0.3227563037103196
0.32244475580313836
0.3222876268070828
0.3222304087737643
0.32171316648659726
0.320434004878265
0.32062790343456915
0.32113948825392646
0.3212624588045593
0.32067513127712555
0.3202249000835514
0.3209538454079611
0.3202944858736179
0.3194667668717151
0.3193464758231277
0.3191947820525328
0.31889480991619307
0.3181441023283555
0.31795934023258676
0.31753863433708596
0.3172594245636546
0.3174683646256065
0.31652751887179725
0.3160091535473978
0.31609688788193946
0.3154539808359232
0.3152146560084831
0.31463598481096156
0.313898980255341
0.31342490056992667
0.3132759558831667
0.31283896372375347
0.312241075563753
0.3116087696708898
0.3121112660892342
0.3123868712222553
0.3121040398250086
0.312287663889655
0.3118999859785635
0.31167407496817623
0.31168641640066136
0.31148029715148723
0.31072808195531904
0.3102311759393154
0.3099829160200174
0.3086234708927557
0.3080278868779638
0.3079768521951332
0.3073644516119077
0.3068071998315952
0.30672917486156764
0.30606921747578186
0.30591102663715924
0.3044084871561702
0.303339340622181
0.3030727283777397
0.30259230682643584
0.29885278192287046
0.29807806217552707
0.2946079689935307
0.2939307840111078
0.29516170035125383
0.29371349240584566
0.2928946946822951
0.2901698338952488
0.289907298764434
0.2887947289281626
0.2881900648134621
0.28743020664026087
0.2866340613022597
0.2858889984151746
0.28508396332442393
0.2862582837170421
0.28478451858348053
0.28582115889849613
0.28522545725635506
0.2850084367154547
0.28488224719630023
0.28506380478372323
0.28452305015225904
0.28395777734011496
0.2835263825380878
0.2826867214786034
0.2817577258906243
0.2807878041242547
0.2795336078561825
0.2784342533771212
0.2785486124882543
0.2777683415736346
0.2753175456648124
0.2741838463028446
0.27327932324577686
0.27092973807586224
0.2692379794512609
0.2688115252941795
0.2675225724791092
0.2660957976302837
0.26477903383294726
0.26377200677156243
0.26269324964399005
0.2612199872838095
0.26018782266559376
0.2593739227382426
0.25878295290448416
0.25828057374908364
0.2574427784477128
0.25654427116968725
0.25476281355807884
0.2539228650169862
0.25373584570378427
0.2522295125544788
0.2512917470625227
0.2499582709560921
0.24911620755548822
0.24788674287591728
0.24701250645676576
0.2459457437914325
0.24511177632218922
0.24434563854984542
0.2438334037865045
0.24309173065917566
0.24245157670057324
0.24181528779112899
0.24114622906970215
0.24018875652394547
0.23905217358534692
0.2381427997849432
0.23729282054519435
0.23622426642379435
0.23538202704033684
0.23464122135783022
0.23405393339378006
0.23330986890983302
0.23249392710820044
0.23176055438434484
0.2318452156498067
0.23034274458049542
0.22972234696727406
0.2289034443294472
0.22806918131882234
0.22731456514867737
0.226684142228477
0.22607761532771944
0.22555302474271322
0.22507478892176763
0.22431534047809654
0.22365474457877396
0.22323183125687004
0.22262765147743996
0.22179653706347946
0.2211873219993022
0.21993796707546528
0.21913382333487563
0.21813492790186428
0.2168066504669591
0.21578360485279455
0.21512963334610818
0.21453211261861005
0.21423141059374784
0.2138895240514441
0.2136684639059463
0.21332088918125433
0.2126079253421614
0.2117239362694598
0.21083768255780125
0.21025800649115098
0.20988563473211705
0.2095535285329828
0.20910477610231332
0.2082863434361016
0.20700417682695318
0.2060138779502688
0.20497065881447904
0.20412557304788795
0.20335546758461184
0.20235904352477774
0.20177372567382132
0.2011085254890393
0.20057923918515058
0.2001287976055066
0.19985947251949077
0.19958649398854653
0.19920168760083493
0.1988585708773776
0.19856609815011683
0.19813133251554205
0.1976897287906601
0.19716496385388022
0.1967838953393372
0.19615347502930464
0.19565156050640442
0.19528476614370263
0.1946428476830241
0.1948230439408365
0.1936794176332422
0.19266301503156155
0.1918337686035273
0.19150170988617585
0.19089244096834737
0.1902529707399318
0.18977447090377847
0.18921831045577187
0.18858318101915003
0.18810160970710696
0.18758075779108327
0.18716213318375768
0.18666816549128276
0.1863642966243548
0.18563180576273128
0.18517848744019613
0.18485447090782856
0.18439276372697685
0.18402461191851807
0.18397288906582748
0.182547575008208
0.18135544775975382
0.1801728920614384
0.17953312009906
0.1787285828522268
0.17798594876702342
0.17723863471794268
0.17639077141557546
0.17507562433477666
0.17425985072035452
0.1735743685595297
0.1725380474307225
0.1718191344282462
0.17107975547399634
0.17014308087018667
0.16945553345243303
0.1686757439682627
0.1678921078673669
0.16691221088275826
0.16611004710764288
0.1649590301618152
0.16374974470648698
0.16308067606370685
0.1621811148725787
0.16135712888582918
0.16040098923824542
0.1594703353373372
0.15838460236644564
0.1574956312252711
0.15601479310210117
0.15538499326031155
0.15394495833736474
0.1526588342422891
0.15129639934602163
0.1495847482511962
0.1486421426037488
0.14737688463554566
0.14625164807155755
0.14561073690111737
0.14494241754638593
0.144472092085965
0.14402256456174
0.143893218340884
0.14387019102282997
0.14387809639161742
0.14386824280174576
0.14387174463523306
0.14384788558709674
0.14385011577499845
0.14367643437754665
0.14357955384508977
0.1433372958753424
0.14306313490889164
0.14256938229542745
0.14213098534048685
0.1419423178338979
0.1416216726691747
0.14116752704919558
0.14077642129687332
0.14015021368493485
0.13967503914591894
0.1389073502499623
0.13833342387417938
0.1377094900848369
0.13797440916887677
0.13716647922778089
0.13586877965749292
0.13492336299312
0.1339683015587005
0.13331047372144586
0.13262268353434087
0.13177905939868545
0.1311140165706122
0.13037391268734272
0.13016086155952156
0.12878103571956284
0.12832462292613905
0.12780923757537974
0.12718732836561297
0.12647325284818794
0.12560705909551131
0.12494741946573512
0.12436388610272538
0.12386557898453382
0.12344019966225853
0.12306065662089359
0.1227804845637146
0.12229327778792101
0.12162814001541106
0.12122994850938267
0.12062978929168458
0.12016812749442098
0.11953687774557187
0.11894982473636351
0.11854968915622516
0.11820008006474912
0.11790318742544727
0.11770162344718522
0.11746494528583908
0.11716241130750692
0.11682672984771483
0.11663026340402852
0.11649702502795815
0.11636265505911202
0.11631784041495755
0.11630707337651154
0.11618963729501398
0.11594142183165596
0.11568887773554647
0.11543398061981512
0.11518123972324609
0.1149586386760603
0.11471612536535372
0.1144877590978391
0.11407747550978996
0.11358328314738704
0.11297817192293416
0.11226300833001228
0.11171297840800629
0.11103155097615441
0.11041315467070718
0.10996588529570718
0.10945027106114587
0.10901656193576986
0.10867497707933438
0.10826018292893515
0.10783208444177317
0.10742208854307492
0.10674097176806853
0.10628667102081357
0.10562189069626449
0.10499925451347607
0.10450371742059052
0.10395195279486263
0.10339035313605703
0.1029939776406533
0.1025197959579269
0.10211753329592738
0.10175455099214017
0.10138079744574033
0.10100804432926001
0.10047467783884681
0.09991317460941686
0.0992883448909832
0.09885943130961253
0.09846775416206385
0.09837808589572561
0.09771993728381417
0.09719791158184363
0.09683388283742343
0.0966072521293905
0.09672956261872516
0.09620845637187436
0.09597349424424155
0.09578131951623052
0.09547971759063408
0.0951821156110181
0.09486099114376187
0.09450086174483215
0.09413850474302142
0.09377603198904985
0.09331248636798267
0.09286025080415564
0.09223814121872599
0.09174737134997027
0.0912993174547614
0.09097610589966756
0.09054100908099767
0.09021105359816192
0.08976723693066639
0.08921322147224861
0.08859158336644606
0.08814702480830287
0.08764873061454849
0.08714013875457609
0.08687035628175449
0.08665859211645141
0.08647299822497123
0.08637469595826015
0.08619574544526165
0.08613243546578603
0.08589237935982569
0.08567483095685847
0.08548401115762094
0.08513802912204911
0.0849317527650561
0.08474513181707337
0.084591859807708
0.08428863158479742
0.0836481535006549
0.08330545783057844
0.08267157786547044
0.08243295078618562
0.081993489538755
0.0817219199989029
0.08155019277330576
0.08138654801225205
0.08125321586859922
0.08112393562856317
0.08096642163292722
0.08096767716688827
0.08082119301420797
0.08060322499886072
0.08020605077846853
0.0801860483899607
0.07976061709940943
0.07907738779591793
0.07885815692440377
0.07858193586035933
0.0782981838141765
0.07805022327275032
0.0777134164735499
0.0774615414869296
0.07709097544526591
0.07673096678134776
0.0762551693519165
0.07556534809031133
0.07526839662393428
0.07490986767905607
0.07447235078927028
0.07418146601543844
0.07405929562905347
0.07392894841329452
0.07384316430421516
0.07371355888471165
0.07348596728844253
0.07321611086140732
0.0729432322729144
0.07253544172280034
0.07217110952537313
0.07190457171924364
0.07153711062731057
0.07117744265554209
0.07086211377187045
0.0706334808421308
0.07044870749593568
0.07032155531145154
0.0702411871076379
0.07005489261184554
0.06991667746250493
0.06970293934568647
0.06957541150199759
0.06942561044381708
0.06923454923011457
0.06911848544477249
0.06890886419300006
0.06885724866046479
0.06873722701818526
0.06863154029349187
0.06830303016660405
0.06803769287712051
0.06778184759832463
0.06734940885830372
0.06691415101892581
0.0665670737421486
0.06624287060198683
0.06591944943838848
0.06565200124227505
0.06537775248843239
0.06496717257604412
0.0646302789538242
0.06440584727878197
0.06416031607774293
0.0640042377795497
0.06382660360543355
0.06365928548492159
0.06344809271197682
0.06321816684411494
0.06299478429993892
0.06263581701486391
0.06246593758564817
0.06220950809544184
0.06191488830663403
0.06143241504860201
0.060817917376901884
0.06035734850480304
0.05989506143331235
0.05945241800437067
0.05905974235626845
0.05861227106769406
0.058271266818109464
0.05793986297675897
0.05755311939289356
0.05708953322710813
0.05643314460900802
0.05561851531383472
0.055348064433054414
0.05464352497187382
0.054113069286373626
0.05347836440479551
0.05303149113203176
0.05262055445776788
0.05226158093108114
0.05188141911097676
0.051486294989711794
0.05108738763202475
0.050857573791356095
0.050543632604307824
0.050217064191664884
0.04974986712529891
0.04934878234336557
0.04890581104105746
0.04801769702906269
0.04759373139969847
0.046803211948063084
0.04613976422928591
0.045628184800614174
0.045117630591176155
0.04465608589709073
0.044292974198056945
0.043990434966631124
0.04364389814377831
0.042938561900462746
0.04250506069383015
0.042045925397312556
0.04167050652129552
0.04115610345363334
0.040795875288951115
0.04041893143241942
0.04021372507312543
0.03997929347380301
0.03962035415287343
0.039144029395534435
0.038634024567376385
0.03831296366767486
0.03829964011828813
0.03809164351358569
0.0377558002124785
0.03746077506165318
0.03699049805341111
0.03654913651342261
0.036211114865825816
0.03600404560750854
0.035934790191561296
0.03554588135886508
0.035501494619419774
0.035071490955024716
0.03453247616689377
0.034330319359643
0.034002392124240347
0.033871586045584705
0.033369870714747965
0.03335563573668064
0.03334205430806807
0.033196374763407505
0.03309848423885952
0.0329433455232533
0.03288155714832669
0.032788170260060416
0.03274875451269816
0.03265534248343068
0.03279769778324854
0.032654953896106356
0.03261873927326214
0.03262847114150203
0.032590669889508886
0.03262722451711677
0.03262338385328167
0.03262799679403826
0.032603222971018905
0.032360397636895945
0.03229633588886857
0.03218258237915653
0.03204603977758609
0.03195156863649345
0.03196467994125622
0.03181074553098933
0.03161467500183665
0.03152183028545956
0.03123232587940856
0.031142457686177395
0.031045667164034355
0.03104946917345974
0.031190969206053725
0.030921178787329234
0.030947426839258607
0.031106684496282448
0.03106972152836078
0.030864582356123785
0.03103796480307364
0.030861723387407624
0.030747011215071587
0.03058313649013358
0.030546901530023922
0.03047180147146695
0.030173764462379488
0.029349519166978314
0.029319006758633345
0.028833940700007922
0.028529394975356
0.028171952957871168
0.02753985368597734
0.027524968748217176
0.027239460121795015
0.02762366737621827
0.02737300427790867
0.02691767419347999
0.02676470022473468
0.026226753042392546
0.02531565277546694
0.024892128008827983
0.02441000008015156
0.024374405122228316
0.02297612917027928
0.022468060229414992
0.02157131865356916
0.021244270418510344
0.020923537712610445
0.02043556554720463
0.02076846651890215
0.020344549908197555
0.019836243792820077
0.019672595105059858
0.01937269449021147
0.01946855603211077
0.019123239927276617
0.018554181100608632
0.018429277990687158
0.017740297383206954
0.01751624095834986
0.01748963493370499
0.01758357518771679
0.017018490379630102
0.016358774916497565
0.015929097275430237
0.015479098593473996
0.01515587608653922
0.01518744917902768
0.014334562095501878
0.013632679798863904
0.01317845069121652
0.012933159801650608
0.012845099341694826
0.01214177003694578
0.011028219554742633
0.010356475596119515
0.009723551959482737
0.00933679538741535
0.009505274845655842
0.010235142092774699
0.008872454315007166
0.007844128143341608
0.00747377144869919
0.007753868650920991
0.0077153683109903734
0.006138490683054484
0.005970377233475533
0.006192610212346859
0.0058329291122175084
0.004556826456477789
0.0036125968063205277
0.0032276716204747316
0.00392899365594759
0.0034810441890736126
0.002832099878409276
0.002597135980282412
0.0032534201995713715
0.0041195100565338755
0.00273123632343427
0.0016531533209204364
0.00035888554046662065
0.002556247744288167
0.004171050307815327
0.0029948376134698385
0.002281334894374348
0.0026079505857570205
0.0033424604083864278
0.004145364412804816
0.00324559705626411
0.002842367804702434
0.0027093364944217302
0.0030409531717523705
0.0036282536097214445
0.0042680970408524805
0.004039346821292043
0.003917513643212194
0.003933144033108343
0.004192962133807179
0.0042720391938657
0.004426551560603078
0.004645024445059595
0.004932138079234617
0.005408561722238951
0.005427861852717594
0.005208510533386574
0.005232148491790367
0.005280423840997702
0.005601354201248864
0.006152824087476164
0.006998555089402174
0.00798744648992483
0.007572791296746532
0.0071880731384020005
0.007096824808242127
0.007805704006370703
0.00849468935808466
0.008818893480558573
0.009316662834696485
0.009083538585696351
0.009135566587092525
0.009614500224059084
0.009741756680275729
0.010516758797921213
0.010217138484798965
0.009973331902130476
0.010062891215004305
0.010229690346241176
0.01067012730691716
0.011401074565881311
0.012412196143552549
0.012990444497639678
0.013061682242809482
0.013337821420381788
0.013615600043018018
0.01381266861144269
0.013943116019244514
0.013823231247489373
0.014098354229547064
0.014033344137858134
0.014068638540684018
0.014281704393421055
0.01429796300968844
0.01478533592876108
0.015177977687886673
0.015238687686357026
0.014977447916768156
0.015190582686046313
0.0152411784027544
0.015815541165419396
0.01601116379941027
0.01651175149830359
0.01678050050802136
0.016829818754600077
0.016755450955446824
0.017045011431357903
0.017493480388551082
0.017597235282515496
0.017635682105412515
0.017755891466122237
0.017898518137922488
0.017928795205154256
0.01798689885725146
0.018095909701326164
0.018048567028412493
0.018039558979493338
0.017869774768227986
0.017842342068365533
0.01790870648888855
0.017895370089880853
0.017936610783658567
0.017997573517130917
0.018034799740115032
0.018222307054966625
0.01854503177551738
0.018531160647782166
0.018606316279077297
0.018571472747820537
0.018538271120172502
0.018518825741028207
0.01839418945197179
0.018370708122027273
0.01846842839586186
0.018512918230381484
0.0185553192813227
0.01872658411780645
0.019023236663974093
0.019111104378455816
0.019557343989139414
0.0197198638070726
0.01970929460662473
0.019723806936048614
0.019827215880787296
0.020199585803771045
0.02058992308161859
0.02095131221960469
0.02115594086226085
0.021356757404145714
0.021391115512719966
0.021438998967860588
0.021701300257911598
0.021799680258967283
0.022038856994433437
0.0220017104856936
0.021861016848087656
0.021744252004104955
0.021695052663433856
0.021891131177538443
0.0220803747719233
0.022094631918570185
0.022217719214768995
0.02268929055024614
0.022786687976123616
0.02288937751566771
0.0230083573107116
0.02384233231310932
0.024141490003460206
0.024393724134725098
0.024701681342812375
0.02492529288141224
0.025148370496956465
0.025290957518142018
0.025397340216010953
0.02559878563027127
0.026054041874368314
0.02600835849997639
0.025770444739583523
0.025754216522737718
0.026022463345016383
0.026021095483770858
0.026161952914788726
0.026260484592036074
0.026394243341813495
0.026912028283414453
0.02701111162919332
0.027287394486540342
0.027391794659856816
0.02741513616170511
0.02729633901748664
0.02750065752571055
0.027496380018209653
0.0274674851131648
0.02749392518097968
0.02757153151563143
0.028077522593291347
0.028094806333068493
0.02811893625341783
0.02813213528359467
0.028158075387352304
0.02849215335268468
0.028709762247671054
0.028820763078646602
0.02891422582149131
0.029021344996565036
0.02932359919671362
0.029288214688440124
0.029521394010234677
0.029727610684640263
0.029880519478382873
0.030716862208541296
0.030912303150988644
0.030919136517985946
0.03102782089024436
0.031109650959435433
0.031121777220223353
0.03108421305139202
0.03108493651791266
0.03114227107882924
0.031617331458041555
0.0318474810807026
0.031915019267184076
0.03198818971188257
0.03219247542714763
0.032618602972674035
0.03266584413365261
0.03276429933249101
0.032800645325006934
0.03282255575800792
0.032787645157141984
0.032485201664449265
0.03247760957676681
0.032475660524129576
0.0325075964588751
0.032526477475361665
0.03281302593568732
0.03298615952123408
0.03304731394318048
0.03317153848987749
0.033407155330938035
0.033801423642594815
0.03398567090915744
0.034078265704179295
0.03422849275540998
0.03429858523723465
0.03448401237241466
0.03493669121967499
0.0348124664804364
0.03480532479417112
0.03484943471503404
0.03498175460770559
0.03501968195500431
0.035138720149510326
0.03526800541971262
0.03534145948256854
0.03541005741697682
0.03537140274206221
0.035579039317117145
0.03552857795517185
0.035510673609306355
0.03557772860399418
0.035705016502402265
0.03613810674645892
0.03617733507650483
0.03607280906992944
0.03610702482536927
0.036391699170904554
0.03637496192022227
0.03639944936413128
0.036397472567056256
0.03679452830946794
0.036779094766257375
0.036731556078456004
0.036798049500166075
0.0368035297847909
0.03684995629560029
0.03694530620719129
0.037034308962807315
0.03718067393278759
0.037814448920031156
0.03711612151932821
0.03703984799802683
0.03692058957300572
0.037012804283681595
0.037064650108498715
0.03706677523472729
0.03715813153192514
0.037370118828931494
0.03749609028947416
0.03731704351091116
0.03720234582359752
0.03733117683069828
0.037484691068429825
0.03753910370884532
0.03753034028933707
0.037725629920868274
0.037846576028472724
0.037698727480491676
0.037644195340564575
0.037722900763573736
0.03779896912700565
0.03778233620429836
0.0378730297263102
0.038014690508851604
0.03828983528945456
0.038438134919496936
0.038529415446595675
0.03912837379192482
0.03887557371399467
0.03868168192133423
0.038688483487452456
0.038580134791187604
0.03852893870723453
0.03853697002722159
0.03862182612755748
0.03867737089610539
0.03878641082246983
0.03882210807944413
0.038851946533247736
0.03883423879246686
0.0388041184689744
0.038838145197919983
0.038946285784507165
0.0390061764685751
0.03912740122613221
0.03948042876487748
0.039767244300637127
0.03963597092163606
0.03965396132921102
0.03961952241126989
0.03956844437744735
0.039467101410200496
0.03936192061099569
0.03934454397595536
0.039311019821338555
0.03922313820754986
0.03916902274507437
0.03906565422237564
0.03872829136290403
0.0388431090103059
0.038968527780934
0.03906433614806811
0.03902652654442984
0.03927659613870723
0.039622683456527634
0.04003386237542464
0.04015730664670343
0.04036936322618555
0.040568601592110884
0.0404955826408097
0.040232487267292144
0.04005923738159073
0.03995914473977394
0.03973902760527841
0.03963002061798309
0.03958093583971731
0.03951248778033689
0.03941221691339042
0.03945624705809669
0.03947428618817919
0.039389803507818254
0.03937919854703596
0.03945820118592553
0.039519289735224894
0.03949059217703066
0.03964062726926398
0.03979836618106361
0.03995542064087619
0.039958903187040234
0.040091508350316475
0.040152509184924155
0.040178416433282564
0.04015869380630823
0.040233604189117554
0.040401719890295146
0.04050204731408981
0.04066536700211374
0.04100651070351545
0.04112910145933848
0.041341581108999596
0.04142052436099082
0.04148886967068901
0.04141179433963355
0.041407932863971326
0.04144972473217226
0.041490092693066805
0.04152114665796242
0.041482306272789204
0.04153422059059717
0.04138847367620013
0.041604244238517926
0.041592593070278974
0.041691001229387244
0.04160404567732153
0.0415725908302793
0.041641946144433395
0.041667674873380516
0.04176017523715929
0.04183591455894039
0.042023104995232395
0.042003107998322284
0.04183179515233101
0.041867237963820976
0.0418587175567629
0.04186269750466334
0.041864021352223675
0.04201208987689128
0.04203803763344848
0.042193078587142406
0.04232901911498152
0.04254686225524664
0.04269722616228092
0.04269210891064556
0.04259082207037646
0.042802515182068915
0.0428436756675618
0.0428716007654886
0.04281063223258928
0.042665781686765165
0.042531654341128204
0.04238422410349746
0.042284407721596334
0.04236349059319407
0.04235499660761968
0.04240826128274065
0.042514283892454416
0.04267183421791048
0.04275463006671005
0.04311635014320812
0.04327366955726436
0.04366621511337667
0.043878293680483973
0.043650495091903004
0.04360258788167395
0.043424187217634365
0.043459842174628484
0.043625616183236654
0.04382975894544178
0.043906966978955284
0.04372721456577047
0.043629348238104514
0.04362605838446193
0.04376584752774348
0.04373811149254319
0.043879136360266996
0.04393183882303941
0.04416233073735888
0.04512100676706863
0.0448703655939413
0.044657094031515354
0.04490056621359658
0.045195581124227356
0.04533748171059375
0.045714128817058206
0.04591504769220341
0.0459673924996187
0.04575532263386473
0.04561343331721266
0.0456348849606904
0.04595781075543189
0.046094039922296784
0.04612081330765634
0.04637018809043658
0.04628243039789332
0.04632087772243619
0.04653562598719763
0.04635877057075498
0.04640239928570097
0.04646040039953594
0.046628802468529594
0.04668870289611964
0.04676445103942611
0.046835807750589695
0.046781059679999064
0.04677818914647233
0.04681174421753972
0.04709533725668628
0.047456355747051496
0.047201739303142976
0.047196344911584226
0.047411076961639396
0.04740568790416423
0.04737406400606301
0.0474098455281228
0.047084609623529235
0.047240823645901105
0.04714662440647591
0.04712828683538886
0.047135856717048834
0.04719902872313295
0.04724339061581506
0.04735948442212189
0.04739537362480744
0.047674963111587886
0.04758833646251557
0.04725028599459378
0.04708336387941438
0.04689860181048829
0.04685453373497764
0.04670785854022045
0.046602610997209824
0.046620291049696755
0.04672173033247779
0.046526254092350214
0.04641237465984632
0.04655649770551013
0.046653758683442376
0.046650131757866566
0.04652054776079563
0.04654183092169994
0.04665106607484136
0.04671031543358028
0.0467580494097219
0.04690626993969993
0.04691663229058602
0.047037008385735816
0.0468772203206291
0.046866338581962035
0.046721003932223434
0.04662235148841962
0.04659210736600864
0.04655713679143327
0.04651495410176563
0.04648582106129849
0.04647292384232749
0.04646691641855129
0.04641962462429069
0.046435894960379684
0.046435688820199175
0.04642256950345398
0.046380060728683246
0.04640300672821413
0.0464029824733206
0.046321036265911456
0.04637102746316712
0.046380504110931704
0.04636529873618864
0.04638337625990565
0.046346302582319567
0.04640119235812212
0.0463418778309319
0.0463289128931446
0.046461016742984085
0.0464493994722304
0.046513611091429874
0.04658441858617118
0.046957508514555935
0.046771661142254166
0.04677462381129688
0.04672066718904812
0.04665636920047362
0.046566149619288524
0.046515326629422024
0.04654445748914063
0.04656825209529573
0.04661771143350055
0.04663337113812465
0.0466342840795163
0.04667333169295649
0.046584746596289056
0.046637608652405155
0.04662203255705891
0.04641837087027914
0.04635446162854261
0.04636868080450516
0.04630783082851495
0.04667713735305811
0.046698459921970914
0.046773849264994644
0.046835643042553075
0.046835386775430775
0.0468693497602943
0.04694579025710055
0.04694579025710055
0.04694579025710055
0.04719519203799468
0.04720241554733137
0.047246987387704546
0.0472826480338973
0.04733878617358794
0.04749096449702034
0.047474614192375676
0.047595731831748346
0.04776124688399523
0.04814196579139985
0.0481573710955842
0.048242987325244825
0.04819342470803638
0.0488447866009675
0.04903710312432753
0.04927494613247659
0.049540017515111216
0.048671575561026026
0.048346163819972233
0.04834064490772628
0.04829781644433766
0.048304569280872726
0.04855150067437987
0.048593326659288325
0.048567149496455575
0.048407764472458724
0.048534540989695604
0.048629336067905406
0.04859711727217705
0.04868903799388543
0.04883756676264542
0.048902352547201176
0.04886249512855993
0.04908071054339967
0.0491160821657003
0.049419365669843514
0.04925136337998948
0.049075659783546936
0.0490518832137079
0.048904869874804406
0.049057100654792705
0.04917472688611921
0.049030599441907095
0.04914300394187939
0.04949868839576036
0.049567221450857256
0.049387982748545604
0.04925675201053926
0.04933612443575735
0.04931187326819146
0.04922387998117321
0.04932598608211068
0.0493073367340736
0.04929830384804038
0.04933264012516962
0.04945715690845865
0.049491680197375966
0.04930600227595297
0.049286372008188625
0.04932624088137741
0.049236263782368915
0.049069477293558365
0.04867769479640505
0.04846698768745849
0.0484380215298775
0.04835334249559873
0.0482575226394546
0.048124470304698574
0.04807029816568023
0.047859541483213947
0.04790593586450889
0.04778468303908904
0.04798383619926199
0.04804686262614405
0.04813603900121475
0.04821299994254743
0.0482793822528165
0.04813296497627929
0.047914956196347565
0.04817285757105557
0.048512784001786845
0.047902881400035936
0.047709653857676816
0.0479620287981358
0.04787746370687231
0.04784910084969944
0.04836590491706866
0.04772949347432101
0.04763340476147068
0.04748598493962611
0.04723891009838293
0.04716757183701485
0.04698326798713181
0.04651329129744519
0.04651716460234527
0.04648275552756573
0.046345126248927664
0.046300037010634475
0.04647448636253526
0.046525219039408774
0.04648967674351194
0.04621187726866046
0.0463066062997325
0.046196713292954564
0.04651902224354082
0.04662315700410221
0.04676835977351357
0.04688698942008475
0.04699282283197301
0.04711736411541426
0.04715669846004838
0.046941931966996114
0.04703730481296056
0.04711621685772983
0.0472600566301517
0.04719406898129151
0.0471623668867135
0.04723767983872694
0.04731269872427227
0.04753189934972577
0.047349811429225584
0.047171852550515564
0.046741113306743194
0.046577375559841254
0.04669260303469723
0.046655604072314796
0.046588122915272756
0.04666151394337856
0.0467177337148702
0.04669266746171869
0.04665025055951591
0.046637651961301735
0.046862653406621796
0.04705902055373887
0.047233957342242394
0.047859214115618456
0.0480840492301884
0.04825089811602281
0.048411917811810035
0.048076200053998826
0.04801204893411001
0.04787725949397715
0.04776207395807933
0.04764218286035177
0.04745772413244827
0.04739538356438062
0.047269462212120666
0.04723440608674878
0.047096160528694885
0.04714841047371932
0.04712523188436525
0.046915881873970396
0.04695104400953962
0.04688993841057781
0.04683654427446033
0.04682598611147333
0.04684263932023509
0.0467588889089541
0.046778217202292464
0.046720943612174125
0.046708941355452636
0.04665281446913086
0.04667079656363069
0.04675120956157301
0.046730227446916
0.0468762526862483
0.04759918223546346
0.04728245052929551
0.04674561495414543
0.04662993338066038
0.046339729177295216
0.04604408741357801
0.04587895608978303
0.046030448196885836
0.045793677997001105
0.04572861775253936
0.04572326355807188
0.045837190454353374
0.04567096372880908
0.045659163235531874
0.04537773895765178
0.04520976044205151
0.04504243918791328
0.04497675771064304
0.04477170049218319
0.04486491486158893
0.0446830287530767
0.044656923689202856
0.04476592181033608
0.04485334395685963
0.0446137970582438
0.04455351875156244
0.04448354573518857
0.044508717362961706
0.04448061722977023
0.044465341388160454
0.0443980390538127
0.04433575396242898
0.044365202938983585
0.04441059054047962
0.04454607386908431
0.04449105935128784
0.04428691436946632
0.04460075989517404
0.04464156110693449
0.044633956751488235
0.04463861683126552
0.0445456766513584
0.04484316320781622
0.0447889635875144
0.04513711145474245
0.044957112028663405
0.045045586139223874
0.045165348956884475
0.04495143375977002
0.04446274994890757
0.044238986959455176
0.04384524005980733
0.04372943585699197
0.04351932118678904
0.043229764138795986
0.04308939198182384
0.042933107390930064
0.04296272293402224
0.0425965583871246
0.04264086762750785
0.04317591080510542
0.042874202846963014
0.04291861270223406
0.04289410024269896
0.04232674150415663
0.04165439325384995
0.041676999912184674
0.04145476990860603
0.041485078308047464
0.0415888102618066
0.04187123402658325
0.041933602749265615
0.041916193580011786
0.04193783705853859
0.04200620867066628
0.04248550993815873
0.04228999985668971
0.0424746611024684
0.042509542883331745
0.04226801935450043
0.0422558507075351
0.04188381682618901
0.042472545256599895
0.0416396619716217
0.04164999906567677
0.041522869061690296
0.041209467025876835
0.04124317086221533
0.04126667546351928
0.04128879159200854
0.04109823436617994
0.040867359678817355
0.041144602920006185
0.041436719910877794
0.04157229953942041
0.04186885948959676
0.04175619526737918
0.04173365828969568
0.041575565200957974
0.04126694866273755
0.04129521742717843
0.04163321655963332
0.04165316252957825
0.04176346201571446
0.041393949056640233
0.04129725017836612
0.041168862202360816
0.04099332394391806
0.040946025835612306
0.04068429296669005
0.04057968663952487
0.04059690018261057
0.040566937739341995
0.0410426515307546
0.040517560491230384
0.040908487861828595
0.040757057979676964
0.04055670439455082
0.03989892730302475
0.039634166255028025
0.039509863800183016
0.039492469148387555
0.03939805318407686
0.039364041236322145
0.03934043047083196
0.039315067660216994
0.03913021246641592
0.03851991189741928
0.03883582484422501
0.0386021433191731
0.03837738392019133
0.038614891111600665
0.03853790730312393
0.03853309299004816
0.03830987573704161
0.03819014375930009
0.03812097290524096
0.037912923097943606
0.03791572861754616
0.03764907393749298
0.03770137138901659
0.03797046578163641
0.03802495930910651
0.03793954022670147
0.037552809087724216
0.03744939036435296
0.03725253029675027
0.03729114148788628
0.037190789996480116
0.03685643014275278
0.036868485464105386
0.0367108155771795
0.03662766306742003
0.03659280302921317
0.03676591998297593
0.036322589926213115
0.036490756483911806
0.036188423199603206
0.03645867850557555
0.036144615944880484
0.036421866528689076
0.036311468166355255
0.0359860718999985
0.035851034576941075
0.03540381239588373
0.0352929115620433
0.035244866377764215
0.034945362921261915
0.03427376217721342
0.0339451074782664
0.03368285265796434
0.033298657779023126
0.0336051008260685
0.03327645857686983
0.033050515715607215
0.03303002933513692
0.03278230552752096
0.03279004339447996
0.032870803468488426
0.032600805995441025
0.03250604625931096
0.032333433990403004
0.03247183790159627
0.03267066128555144
0.03261548499850258
0.03199618805891527
0.03180477046625778
0.031624798209642264
0.031392801389280696
0.03122744406288643
0.030842606516259786
0.0302135388983293
0.030132999773830067
0.02992479091562088
0.029731994765756657
0.029696953482758928
0.029622220240661946
0.029532746957816255
0.029499662293335897
0.02951489056630294
0.029728200747940407
0.029740738377614876
0.029621313535708314
0.029687738116906916
0.029533930255458956
0.02958939373682165
0.029601126514616723
0.0296212266471581
0.029659336975124854
0.029573842569956713
0.029062393602624664
0.02873659708445849
0.028552972706995874
0.02841768926913243
0.02849237097746301
0.02842950547322913
0.02815027310173899
0.02815442205472578
0.028163769493342084
0.028102966283721355
0.02812073865201048
0.02786234696118554
0.02737695004531781
0.027228354405901267
0.02709694929173113
0.027059122698111705
0.02658031452048512
0.026334530240860257
0.0265203450905469
0.026427931364958315
0.026180038486278756
0.02617812164847174
0.02612398329544911
0.026097517978186824
0.02616855771805917
0.025992915852969346
0.02580070794713738
0.025713614687674233
0.025565987265290708
0.025391385788755782
0.02508443973200795
0.02474811052316219
0.024680729555496148
0.024773172870218928
0.024659257159069622
0.024482779095666617
0.02429726435312919
0.02410064576153049
0.0238092602427647
0.02364980188173541
0.023433678386113054
0.02330325242978189
0.02311283825905376
0.022938292087940886
0.022738607948327386
0.022858233930070623
0.02322775960028374
0.02309660251410076
0.02303899003010194
0.023332036141197828
0.0228740025726923
0.022601431151185767
0.02244742653877464
0.022269865476889313
0.021936252550958674
0.021884834195322844
0.02231662057022881
0.021863857183458686
0.021772290514745853
0.021358093358905594
0.021050196556136748
0.02078677683789922
0.020542828857355543
0.020188701890838583
0.02021493654483372
0.020074790286053048
0.020268780754501135
0.01946010641694595
0.01936831852086053
0.0190269634800485
0.018967318072067637
0.018730319503523704
0.018608474731582773
0.018576436334021153
0.018612550156189355
0.018581597732526687
0.018383162928200157
0.017794726662349734
0.017589573630655733
0.01801421353709964
0.01811579491764951
0.01782287718725055
0.01751800848054954
0.01710864857143214
0.016859471152597522
0.016740876579683272
0.01651907286151051
0.01587123792379936
0.015629493264121126
0.015542986036692694
0.015646518454188626
0.01586174436132863
0.01525202582275229
0.01466236139592769
0.014175464394060533
0.014024529857421992
0.014134171724101946
0.014367349236003468
0.013807618109641352
0.013100818448431823
0.01273818505171742
0.012318933288292509
0.012146243462674858
0.011936600234038587
0.011893910778219568
0.011941791473257262
0.012036096706599792
0.01171356826584892
0.011280419825197145
0.011202437169436374
0.011019254660319581
0.010643073887507263
0.010468643482901774
0.010226066938919023
0.009756241480500642
0.009359641478086968
0.009237300939181575
0.009071768380306969
0.008983020328919095
0.008980888895620542
0.009073191880316417
0.009122278042933347
0.008981131770256749
0.008779194979141317
0.008452521329796191
0.008633153345054682
0.00922563928839854
0.008738510034187064
0.007896966335325165
0.007386089056221821
0.00710313878624006
0.006836920894471272
0.0071961437665527955
0.007019664360158376
0.006672594089923585
0.006259027896002001
0.0060735698531864555
0.0062770660003066
0.006384533417776251
0.006573542759847921
0.006383427208177276
0.006269915842637898
0.005880474831588207
0.005469195510773745
0.005167498916457592
0.004995854852080805
0.004503018370231237
0.00457146796587567
0.004639950449107553
0.004460599608878101
0.004606542682064085
0.004564364447447084
0.004679945407108966
0.0046194721177546675
0.004495132352912404
0.004553293645572589
0.004322220128300719
0.004341972339627541
0.0043439571275460526
0.004397628477964106
0.004193831392880196
0.00404337463594367
0.003666776109177904
0.0033890822319071214
0.0030161226616867575
0.002757866021086668
0.0032490934672650957
0.003229571751633105
0.0024590361902759902
0.0021503814550314056
0.0021321130151755576
0.0026245409280039054
0.00300477240219487
0.003191300200577051
0.0036014463990323964
0.003808289557227772
0.0034732622805306156
0.003686484330147927
0.003864301852159528
0.004072177321119823
0.003973612582765942
0.0040629319453260124
0.00424019890988224
0.004329092757320987
0.004849224103034492
0.005074568530643632
0.005247716283983972
0.005182456696058917
0.005053771871049193
0.005084573109846719
0.004941061989862683
0.004964422755741679
0.005109194311948449
0.0061065060141643245
0.007342097453045496
0.008833216685687994
0.010017522297819478
0.011219983989006494
0.011696428458093848
0.012213815890038606
0.012856067542224691
0.013768034871703316
0.014607707576172246
0.015590497430423669
0.016017445277070403
0.016608044219482324
0.01755037595786731
0.019018692565317286
0.02046596675050726
0.020898629033456927
0.020009480767759425
0.02012319624797697
0.019997869569252383
0.020008222439407912
0.019754266572124573
0.019820937280394316
0.019940993100025305
0.019912440058420616
0.019883912373741767
0.019619235046639084
0.019868552683264044
0.019511717798682868
0.01920465645469246
0.019079153542944885
0.018829266128461735
0.018728039747749718
0.018272075747882838
0.017703507842581918
0.017034556579845726
0.015783613505372125
0.01413386635502325
0.012215651194192694
0.010142664812360942
0.008128588847124444
0.005111947185152967
0.003024714276236808
0.00335671610171687
0.0004259143723558747
0.002769739851673458
0.0023261181689474774
0.003820532576896083
0.002321397891245158
0.0021708372230666477
0.004340635838691893
0.002644274226795343
0.0033492193756605843
0.0052875097124708646
0.005231943316227139
0.005091833053020706
0.0058076057709583045
0.005962756395770055
0.005541683110099953
0.005387248403474444
0.006192698062731129
0.007266661803467946
0.0076506714045014865
0.00728367428146245
0.0064877683844361865
0.006985585406332352
0.007276578515950611
0.008480116196139857
0.009577388475036691
0.009688867472286086
0.009587684023483393
0.009801467827268531
0.010627899839984184
0.011119652902735998
0.011628784060738065
0.011484797435860164
0.011355379797976312
0.011241230947620612
0.011136447919168284
0.011253181922514488
0.01137460339054754
0.011728927092725423
0.01208808979101213
0.012524961982736919
0.012573061740760946
0.013230765615961974
0.01399232953584333
0.013512380478608242
0.014085388758045528
0.01435922754387227
0.014344922611134875
0.014874329756598343
0.015171788883293553
0.015748459918029988
0.016465371264834758
0.01664336121008675
0.017009764162823387
0.017043582968126778
0.0177785579726113
0.018175352521296696
0.018798009060734467
0.019182895238081955
0.019385184856218013
0.01977710631587733
0.020147148571542418
0.020573956752739698
0.020823055564579564
0.02093707648279259
0.02120299783958959
0.020990937197582552
0.02105360041112301
0.020997587385656102
0.021028037963519975
0.021084092449998336
0.020991174491009703
0.021112475328458356
0.021518896879680227
0.02163541315179793
0.021786801931240024
0.0226891163575073
0.023208008811786272
0.02286784128650641
0.023248247061192273
0.02338129483441202
0.023369299257548853
0.023459880935617
0.023432990727134347
0.023484256868117157
0.023752724212788016
0.02406142910321632
0.024792804724180918
0.025094209556594426
0.02476090551575654
0.02484699237753894
0.02622820800878156
0.027424595769890328
0.0282121329481452
0.029142192983367784
0.029221462875954944
0.0295216709108761
0.02995497749832711
0.030564159088738073
0.030906199673475927
0.03145971159309689
0.03184558752679103
0.03220611647086339
0.03196909843235613
0.03239809190082974
0.03214243181387927
0.03263218543786641
0.03314622171223187
0.03400646233349671
0.03444606604498987
0.03526757539857916
0.03600302072888116
0.03564533982916166
0.035403024051177345
0.03582415037252491
0.03563824061958287
0.035584831632583844
0.03581888435971066
0.035926214547325655
0.036179820717897763
0.03640767019179589
0.03640785016259757
0.036415900696901884
0.03649116759477461
0.03678034489130093
0.03735148159630798
0.03721322005937708
0.037618648770807395
0.03851598593477707
0.03914069442264394
0.039568936176388014
0.03991039240584338
0.040669232655447
0.04093500979985937
0.04084651649006572
0.04142441386033208
0.04118937129104883
0.04170455067890144
0.04224967934242689
0.04217127117398385
0.0421065975641636
0.04212761288596041
0.042316460462271534
0.04229246025331801
0.04294714272272153
0.04310792913745357
0.043640978617444356
0.04474673295095829
0.04555413154958111
0.04547170096341559
0.045857284618457006
0.046359342172178776
0.047496038840478684
0.04810194933229672
0.048492280723493854
0.049290057719636654
0.0494121423964301
0.049948518311759636
0.050430653003060516
0.05034241518620797
0.05034014957565377
0.05229266261709695
0.05690744670587441
0.0637077934243287
0.06951666202522148
0.07801027504179132
0.08664878142347443
0.09535648461231519
0.10422353060391235
0.11108478235598893
0.11880746824826549
0.1300851391447678
0.13540629657735653
0.13787741024734704
0.1355704695344509
0.13267919590922567
0.12979195377651628
0.1261397158557823
0.12139946355920407
0.11655460781282875
0.10940720608649997
0.10314625013443164
0.0959996492325842
0.09076132834982824
0.08354633054470505
0.07770258197069731
0.07016228833443076
0.06508527858019493
0.06016477770282902
0.05541653189164042
0.053668214747132265
0.052550771728998746
0.055634723575760464
0.062266221878144005
0.06811504572850823
0.07497535943802931
0.07606955391767559
0.07609132138180175
0.07517215505830824
0.074533262971775
0.07381766948494212
0.0726469612005842
0.06974119327075926
0.06506191767604905
0.06329447630508302
0.06209725997358038
0.059891924165652005
0.05907892423482425
0.058886496377400364
0.05897785518598457
0.060663767988624454
0.06255199969770366
0.06517568715389407
0.06747679573127724
0.07083848366273046
0.07206980481785921
0.07452872726195058
0.07670519064620746
0.07793039993366173
0.07847534558844894
0.08107651107061287
0.08525678602158897
0.0884881675207643
0.0879960528590288
0.08536157141676066
0.0828717449402005
0.0799200721629492
0.07711444782837583
0.07517871867028886
0.07331752767069105
0.0693857186545597
0.06863121499400525
0.0692785261392656
0.06935202821280799
0.07266019061417084
0.0757947300060209
0.08322325454461735
0.08963185850637845
0.09825265042045797
0.10648798998861929
0.11035008343477624
0.11176817370365544
0.11348932704627278
0.11343050218794457
0.11292793772663887
0.11163635838016651
0.10968380369617751
0.10839782923013774
0.10555105868139567
0.10207816377000759
0.09906218112243949
0.09599401654954855
0.09181101482719202
0.09074082951124773
0.08888570253164664
0.08629578242816863
0.08706836639758112
0.08547132911991633
0.08625793649078431
0.08667935403855802
0.08710941426235048
0.08757352640360996
0.08808922501503924
0.08843842594986455
0.08906767095249225
0.08936998017175334
0.0894857671050349
0.09006148138944484
0.09006148138944484
0.0913405068221947
0.09208964608714508
0.09314133836381511
0.09337337522793765
0.09344587981567595
0.09299229718598966
0.09342190728736496
0.09387219156821387
0.09383917540571506
0.09465903165430327
0.09504491208128764
0.0956386892723553
0.09567199676820153
0.09626147920893188
0.09643472205396032
0.09670319454043118
0.09732499231316871
0.09757281586726185
0.09787188584063033
0.0983489208708254
0.09885502202248884
0.0990694509834415
0.09991208908686093
0.10020949528835281
0.10130126541866259
0.10138247699004584
0.10203019564993422
0.10290050286580119
0.1036311901223692
0.1040838362344789
0.10523967726943059
0.10597886680550152
0.10699403024027686
0.10845411304863169
0.10786511333893964
0.10832062088057567
0.10917201574330943
0.10891804984357566
0.10989562508718562
0.11079421443856227
0.1115068803569258
0.11221557959733311
0.11309145229579495
0.1141531241706727
0.11539111778112335
0.11616870680106443
0.11723723556976023
0.11799731526172282
0.11835410167600081
0.11896904603845163
0.11931940502200322
0.1199174448871062
0.1203587845575854
0.1207078963458689
0.12142614501221659
0.12245266760974134
0.1225765733583758
0.12290338669611099
0.12359445443340636
0.12388575898255404
0.12523564017559113
0.12555172933192776
0.1263058104675447
0.12681344293337884
0.12787253749944835
0.12767894748914127
0.128383808827919
0.12907636009540602
0.12909996696896467
0.12925975334996243
0.12945205903271925
0.13005435848616334
0.13034294472526223
0.13087709866680797
0.131172203582294
0.13204621018564622
0.13304547524816812
0.13322328839753445
0.13362553197151
0.13417718732906334
0.13411740691545143
0.1345418090065997
0.13445681786124608
0.13480935244474657
0.13475778679427555
0.13569331127132592
0.13589307300663325
0.13616195527915237
0.13674484717092641
0.1371589041507182
0.13826869409901946
0.13853436483952714
0.1388329587233655
0.1395615305934029
0.14003960236573726
0.14068683489107592
0.14123990117271001
0.14165764405070086
0.14196416417135188
0.14270680645245437
0.14420820654131367
0.14368515036888893
0.14432611684525348
0.1442441098110146
0.1445201689167601
0.14490748418251898
0.14548471052738907
0.145963435015829
0.1464245187098563
0.14718749169356643
0.14780925686293567
0.14807668114006473
0.14846444135213174
0.14888941596455774
0.14906564806723965
0.14965473215119918
0.14996982508013368
0.1501070840572718
0.15030992863644407
0.1509686155847648
0.15129089527267942
0.15161180978564592
0.15203397772526653
0.15283556111282887
0.15380028413621885
0.1546129315507468
0.15589138321955137
0.15642920886122574
0.1573586443278687
0.15800930857467618
0.15915459515378785
0.1593699981527964
0.1596860594752304
0.16011088084889666
0.16048164347265775
0.16164535451868672
0.1619059824291275
0.16209469570632729
0.16262557532030011
0.16383789411756433
0.16459926787190673
0.16538805140063523
0.1659010941078088
0.16657949013792492
0.16683598949519973
0.16864364634067922
0.16800284951525807
0.16944603922800994
0.16981709784653007
0.1705272918044814
0.17111832923825399
0.17203251886407464
0.17267307125626222
0.17306703068630586
0.17359952202332202
0.17455336156274956
0.17472301174431834
0.17500754155369022
0.17569176775385423
0.1763421807724686
0.17736058556223427
0.17744867697769842
0.17789948418613225
0.1784495970755833
0.17932306849098903
0.18057168734992451
0.17987497264757102
0.18031948765508812
0.1807144985780112
0.1810654967322089
0.1816036451493125
0.18215557161707063
0.1828468222493883
0.18343192026850064
0.18381725165368953
0.18436875940854647
0.18464246394414438
0.1851574787981256
0.18557008084867221
0.185602987774355
0.18590055914620265
0.18659956404939096
0.18802204373854564
0.18737335168318955
0.18847658595323738
0.18869712878018427
0.18982251888632462
0.19035262154236302
0.19154801415551298
0.1922847715378815
0.1919522202666296
0.192012557380998
0.19328123343542414
0.19347632906883805
0.19332492563237597
0.19455178845848078
0.1942953268350809
0.19467695323052725
0.19577158326502553
0.1962864080943084
0.19701731623481103
0.19723152242944342
0.19750466735887187
0.19792185839879972
0.19811486227571953
0.1980061936055373
0.19851326365317684
0.19874226172648574
0.1994558624301504
0.1993572536386505
0.2001229746217028
0.20053713599845385
0.20073961289551034
0.20126048047754858
0.20174249969741753
0.20224773388984704
0.20259041786917892
0.20263616717829344
0.20299988332589664
0.20366130331014537
0.2037503946089662
0.20419374539613383
0.2044966186020823
0.20490739933203164
0.2055943062401666
0.2059524127928553
0.20737198453270084
0.20823371862324042
0.2089967823465529
0.20995785008969867
0.21058694559219382
0.21152710260730898
0.2116834179170834
0.2127777797450202
0.21367103223563483
0.21386992041438038
0.2147039487067974
0.21513180026276
0.21571622004679192
0.21628985752494687
0.21631907477183324
0.2167702767048459
0.21698514969075977
0.21731947332695897
0.2183054890029837
0.2193707792665644
0.22084980099086757
0.22198531910534272
0.22344445701254562
0.2249852584470953
0.2249671291807438
0.22616280815992848
0.2272575048708799
0.22761719416134546
0.22879490472348
0.2293469562914519
0.22967457094948718
0.23006966058108547
0.23057524955685066
0.23130982872652164
0.23199437859063116
0.23245654552180786
0.23249430026751636
0.2329394237232778
0.2334876793165686
0.23413958128832701
0.23492071620779653
0.23599031629904965
0.23670776227086246
0.2370055404549346
0.23800911201087385
0.23884923367524555
0.23933141973094815
0.24067209274411464
0.24146921902306642
0.24265946305278452
0.2432954981217785
0.24417361545020783
0.24506616804886225
0.24606032788660487
0.24759224878034838
0.24794992121650766
0.24843298851507378
0.24944955700633295
0.2506310834933615
0.25147133490802687
0.2519808975030878
0.253399561239096
0.25405113573781124
0.2545594348042507
0.25511172794034354
0.25626350289326427
0.2565731594094471
0.2565743216842796
0.2575595446930818
0.2582510759300334
0.2584020083447545
0.258358720031572
0.2587596533316518
0.2591252930138176
0.25956716375073474
0.2596678772730385
0.26075160396203795
0.26075160396203795
0.26171496313314024
0.26171496313314024
0.2631386230881532
0.26309294739051337
0.2635951244851391
0.2633746970603577
0.26350929824741065
0.26520840145259905
0.2657751326328535
0.26629501380147086
0.26641408605233213
0.2668659903191451
0.2672493452939157
0.26777908150574187
0.26810399736132945
0.26777453444875393
0.26918808683057033
0.26933772585617066
0.2692754821451448
0.26935063052945774
0.26938862531788244
0.26936027242157995
0.2693881669965469
0.2689615703884086
0.2690296272569251
0.26912567237120294
0.2689751247110198
0.2691368015911764
0.26908011797403697
0.2690871300677148
0.2692409500773671
0.27010877855839577
0.2702978661693831
0.27054494296327186
0.27104682141729397
0.2714204212255265
0.2715314402173574
0.27305327343363844
0.2743270741010041
0.2749922438190521
0.2762947677808811
0.2769005181887871
0.27751991036913365
0.27797512437581684
0.27929503669736705
0.2804661490552602
0.2804661490552602
0.28242838914556156
0.2829913005874131
0.28426786106570534
0.2849841109889706
0.28672330105208743
0.2868653307913237
0.2874551378920026
0.28837634088218045
0.28931939011544416
0.29020223067620415
0.29093891563297314
0.29136879992472503
0.2911554844433205
0.2924284825160941
0.293106147817733
0.2939544979098657
0.2945360295213579
0.2951971958973649
0.2959541330973923
0.29659786488520884
0.2971307014582936
0.29794615383805334
0.2977975943190789
0.29875742255676263
0.299207080208878
0.2999539579817802
0.30075837933702243
0.30120616241613857
0.3029348928137365
0.3041030146750418
0.3051247558723658
0.3057786274078628
0.30731865016393306
0.3086149086422515
0.30905385322492795
0.3104956398528704
0.31144596892562815
0.31182448686175573
0.31315484313096736
0.31378852659166423
0.3144064235937338
0.31564248717493604
0.31609871511769877
0.3165563655679897
0.316801773407759
0.31661649947703546
0.3170596385313963
0.31775763633295284
0.3183189942435497
0.3183940086621236
0.31883813181173387
0.3197993211480202
0.3206373996934168
0.32148055332380227
0.32199864102980214
0.32341021057348074
0.32418705117882746
0.3252526767617916
0.32625008787980725
0.3266289675441101
0.3277924955345208
0.3285741869251488
0.3292086855592221
0.33017362322708627
0.33096309831570125
0.33187294020986263
0.3328460751940928
0.3335043568389477
0.33444854154600534
0.33525378237397013
0.33578556869788256
0.3371022860346898
0.3380610896998254
0.3390077548951894
0.33962713037592246
0.34054785279665206
0.34155150174865134
0.3424816998935426
0.3429135303680136
0.34420440070196445
0.34504991432759485
0.3453940533459991
0.3458692823022646
0.34714138618499774
0.34797474171126735
0.3487919082587433
0.34898949042170296
0.35020954734134585
0.35099385798736055
0.35166471781862857
0.35250431523863324
0.3537405338712463
0.3550630318384976
0.35584444858236686
0.35689399469256133
0.359148552910256
0.35987802109808914
0.36162848608383147
0.3630936993699661
0.3638136014817171
0.36453568329703234
0.36556738236239794
0.36622809078092877
0.367400365792812
0.3681175627159519
0.36829541635740504
0.3692429326051619
0.36987682399966376
0.3708235093710283
0.371417515605404
0.3722020955299968
0.3727918666107454
0.3731849607962222
0.3743372394652
0.37503719151149734
0.3757906161877084
0.3760628927204719
0.37648130157018156
0.37679075981210436
0.37694781754394907
0.3771951462822753
0.37730437099641434
0.377908241294656
0.3784292200901524
0.379246016978261
0.37963792226787985
0.3804089505012285
0.38149435023417055
0.38276112689696623
0.38383645814313744
0.3842474304076577
0.38542458224716086
0.38622112961074173
0.38594693102177946
0.38753436099780997
0.38825654746720695
0.3887447546555407
0.38920096616985883
0.3905457028304899
0.3925129933849865
0.3936415405610641
0.3947956942823344
0.39658557881710926
0.3969215081282582
0.3975285119889681
0.3978236399552542
0.39820831125898565
0.39902438055998396
0.3994599512879347
0.39974336482553346
0.4002553555384377
0.40027544564235074
0.4006954140535315
0.4008015119138219
0.4010910024073529
0.40190077262794494
0.40190783032655525
0.40260582320752114
0.4032991134260771
0.4046919453084489
0.4052672020299919
0.4054984261527004
0.4064791895245364
0.40676503180577545
0.4074694129624863
0.4074367365248959
0.40767246091454434
0.4080403848953609
0.40797390653017385
0.4092575459377363
0.41051612701455503
0.41185213289457856
0.4125182762057685
0.41214234617324574
0.4143155209945334
0.4158969915433053
0.415470207004694
0.415774522517871
