0.03961307348092265
0.038612680363213144
0.03862190543313746
0.03665622670167544
0.03478022690723751
0.034395468537860574
0.03269400284556253
0.031240340984103627
0.03125944624682366
0.02949956897642212
0.02890098903480758
0.028299137945514283
0.028299137945514283
0.027454088549349432
0.027702077763458267
0.029167703562218157
0.03168502979569978
0.035599853177616304
0.039470289831537636
0.04296871010871705
0.04841318728659468
0.052631600569165965
0.058146997693204805
0.06348940553290633
0.06845801580063125
0.0749012237696016
0.08175783310425636
0.08738299333082468
0.09500259332125031
0.10078297793301742
0.1091951746586558
0.11622790545999315
0.12207173135802944
0.1293556657858262
0.13705955888137158
0.14370002887913058
0.15028467255242275
0.1586519102937419
0.16494783681373976
0.17291580570800524
0.18049184754921668
0.18803905661960416
0.1942756365989602
0.20230427968977646
0.2069249386380046
0.2090146037227353
0.20908670723199427
0.20771373919503608
0.2064095156777667
0.2049774449279097
0.20335570322726174
0.2009605135573857
0.1978727649215281
0.19486058839654066
0.19165464329818627
0.188660251002446
0.18465984419564982
0.18161128419401937
0.17535237772537385
0.17155211285160743
0.1663484611137632
0.16156243236749387
0.15578973583104574
0.14967721045880905
0.14374124298043375
0.13829053137608024
0.13266526084295482
0.12575529944689495
0.11995828440496792
0.11370178982780664
0.10879089078325356
0.1018610500597627
0.09530420771378928
0.09015694032684944
0.08454495403463012
0.07708805309951834
0.07068032621923137
0.06368752143255603
0.05681395053465799
0.04991326626542662
0.04125711364351553
0.0360016967743068
0.03544301524143934
0.036248798261014174
0.0368110017771648
0.03680990496536572
0.03641121425820446
0.03665114945745795
0.03752656248140578
0.03470173812421946
0.03272813440142526
0.030091009264214392
0.026665360906992553
0.02722529568336139
0.02378028014131629
0.02265216226973115
0.02309644050349367
0.02334725205378667
0.023514575950760043
0.023246772513941624
0.022764437151331612
0.0226565442254714
0.022383496200942987
0.022073169618506513
0.02152976602225836
0.02114413805217726
0.020961185923932514
0.02070633581810665
0.02187114554908028
0.0218113726890984
0.02184958427581148
0.022071594336918736
0.021876942576356247
0.021343144298861055
0.020954259085439592
0.020283982972274673
0.02009659880080874
0.02002936703904488
0.019815829969176052
0.020521948391104963
0.02065113607837652
0.01999450199575237
0.020277755218566236
0.020103099870156467
0.019812967789313334
0.019504295377362937
0.019574093513612525
0.019460954257174905
0.01928763925489951
0.0194089638801161
0.019453632871674217
0.019473992067697024
0.01990255809050231
0.020135365773919185
0.01980666709056219
0.01954127866037448
0.01950475961217013
0.01923821153742428
0.019632772494239448
0.018936772240690368
0.017641904674836072
0.017629055773367656
0.017615997059333546
0.017519342541032493
0.018492659253664705
0.0179340772048359
0.01785650611723069
0.01771066432584684
0.018121840382674285
0.017563271814631715
0.018074519120675446
0.017186147250070196
0.016934736894215947
0.016920529512709115
0.016750613641316924
0.01665410122945523
0.016756747404150507
0.016677790760527188
0.016602065853388942
0.016588343326338153
0.016444172285613803
0.01599166122384783
0.016052539219099653
0.017165656154637037
0.017142105627065765
0.017267016585470363
0.017549377207115965
0.017764230362266962
0.01759192395911582
0.017445164152594873
0.017453322696600302
0.0172271095235733
0.017022140021482682
0.016867376582650175
0.01685138186555532
0.016864575055150106
0.017231449135968666
0.016741762610536132
0.016790882168939078
0.0170655516774806
0.016787860962298118
0.01671084694371766
0.01684853873152707
0.016803602334572006
0.016720971446750936
0.016439922426453715
0.016358869699992902
0.016430329795267314
0.016052303142025406
0.016032964709525997
0.01613324582159425
0.01638092710435171
0.016354714311828698
0.016639488190051403
0.01687217412494844
0.016453937563337476
0.01638048372048707
0.01626064958558059
0.015032435238004186
0.015530366172880563
0.01548724180695043
0.015424237384462965
0.015152893064332517
0.015270491998357576
0.015282742550854336
0.015535752771109893
0.015443195436999737
0.015597394432587612
0.015629277759811083
0.016181642465165718
0.015722971321820454
0.015572488948913315
0.01548515443519629
0.014116806149158275
0.013686313935366004
0.013544452120726969
0.013082855658913048
0.012761691884974172
0.012742363781217774
0.01237692389807039
0.012880569588303727
0.012847221653119965
0.012487064702512806
0.01177981924900069
0.011394413821953251
0.010780266373185384
0.01132804182305471
0.010866506857800435
0.010983918782837372
0.01118338979008298
0.011386968397825284
0.010986210056592923
0.010891863684560948
0.010196736921994973
0.010038451339646072
0.009928272864041562
0.009910584258932226
0.01011038772276106
0.009608802271812884
0.009422552393000364
0.009475547624009498
0.009639016048629923
0.009352445229384627
0.009080503591048335
0.00955743296623117
0.009419608377326706
0.009447075013632787
0.008799484146907448
0.008603423176804934
0.008198257365172015
0.008352065351080684
0.00875855937277686
0.009346516255398493
0.010394907593434536
0.010772907286673145
0.01015655849505007
0.009247900569856934
0.008829654615630556
0.008251050050233995
0.008094098902276739
0.007549708106236943
0.0072698710738117855
0.007460741046430017
0.006884536434753928
0.0065387665667731385
0.006301115159694277
0.006605251866500579
0.00575489424189335
0.006517432121981811
0.006816802850468157
0.007528688362827674
0.005517983304931503
0.004855610915287627
0.003955802505534808
0.0037916944582882008
0.003905949695133922
0.00517352013973838
0.006262411386230894
0.004746371300003814
0.0026347323051529033
0.0023921467104366994
0.0027377706889997956
0.0028813318617043624
0.0014951746385631905
0.0015874467120080356
0.0019448472238677952
0.0009310973257423185
0.001302025602180475
0.000818617447681633
0.0017663962737604537
0.0030619726365899644
0.0038333159819442437
0.002229262991477875
0.0010944005175162386
0.0010496147714826915
0.0020721746050786837
0.0009865757130146956
0.001235269810848541
0.0015184023345298841
0.0015888793734459596
0.0001606697126237849
0.0016953012381492945
0.0028669941821659432
0.0026945213860579513
0.0018096525238090386
0.00024623872696383735
0.0015106693024482007
0.004009174696317585
0.002739997648496108
0.0013495807711999372
0.000994657395472296
0.0017958191620447317
0.0013038906595647893
0.0013278549764523188
0.0017988846584093604
0.003217432506775293
0.004119591738186016
0.00493015939339781
0.005356596203343142
0.0058888886378146875
0.005888912191455891
0.005126351944591481
0.00458297796618106
0.004101298207985217
0.0036036317089430643
0.0033022706321136643
0.0032317356180853484
0.003078485371577604
0.0036614565237110936
0.004011430295579986
0.003699340821114596
0.004061256796655518
0.00525527376520841
0.004774388357311401
0.0037784262689230853
0.0043706857976668735
0.005081530374003264
0.006103245867275773
0.006868852274101844
0.005988456158260176
0.005414566411504104
0.004917041288395989
0.0047924576244606125
0.005252112219772958
0.0056259760226209585
0.005955175600803148
0.0057565020081568
0.00640437949322709
0.006564165931889246
0.005959624278932014
0.006366991367308488
0.006677282205983134
0.007345879930180066
0.008441800210279276
0.008041502716104373
0.007407159523487348
0.008372431637635262
0.009254726587288178
0.009340931530353274
0.00871506209623625
0.007771859005166777
0.007765250578337517
0.0078480548163102
0.008851495493358428
0.010059547232821466
0.01063628272424244
0.011084516582406185
0.010374613883893316
0.01100600222342939
0.011953263521062159
0.011660998464997394
0.01153031257503751
0.010703864882978984
0.010941713997205659
0.011100648575900082
0.012177866166719259
0.01286570548852197
0.013495086789062692
0.013162898658059915
0.013067034755795083
0.013295942688263403
0.014678443647267728
0.014290864316689819
0.014405972479415016
0.014506709382567902
0.014563612517472454
0.015415380438299748
0.015483196629937362
0.015603080504015585
0.01578051974965154
0.015675833162926877
0.01570498351152847
0.01643127203668753
0.01649911251767826
0.01689023057735816
0.01696872006374492
0.01707799650206256
0.017178456892116917
0.016837405527338308
0.01779573974286255
0.017905615834064262
0.018044136943960364
0.01835018846783516
0.018519559015988882
0.018749765714232078
0.018799471665443334
0.01881608156919299
0.01892395658910147
0.0187789245276717
0.01889092240290098
0.01815298483400787
0.018203934101682293
0.01829262985003529
0.018331498513929456
0.019060538704438596
0.02039328719350915
0.020518960388219088
0.020671772630390866
0.020808556640217232
0.020870752486712937
0.021379501503565386
0.021417008280810897
0.02217259146394495
0.022022075977857936
0.02137713493832719
0.021252689715033274
0.0213141792530148
0.021382116285654524
0.021446040317811305
0.022467230474329716
0.02258008798536485
0.022093540374381992
0.02413059975134012
0.024238020129603056
0.02444577631533431
0.024371358831289224
0.02439077664862105
0.02462729156261014
0.02509301656429814
0.024574651467084093
0.02487018027187788
0.02470166288066675
0.024794122508055245
0.024995003636442272
0.025119591430143
0.025922086501716506
0.0260657098026649
0.026665067878753054
0.0267629297324208
0.026652385124850127
0.026543298120954423
0.02662881076426389
0.02681378855451864
0.026730622136627448
0.02681184294413607
0.026946100355337864
0.02754961864076762
0.027568629435361057
0.02766240540856277
0.02774059112038973
0.027753064604822516
0.028667160957469958
0.028839088937507813
0.0287374982235902
0.028697009279302015
0.028625353414464563
0.02853177407903149
0.02858256973041052
0.02789808699723405
0.027909391599880776
0.02936277403686514
0.029496238032148164
0.02968870735785041
0.02985908816909792
0.030863039537765365
0.031056476675224376
0.03178566633338895
0.03159749375656167
0.031357293640502146
0.031216223645201595
0.031224085465498347
0.031941340300293934
0.03205153926842971
0.03220764691388152
0.03162823751919358
0.03187543554687373
0.03202793071638669
0.03339366844732513
0.03365503578031054
0.03386654201154397
0.03420317174333698
0.034074754408672754
0.03395045588512742
0.03391573654497871
0.03386096943686608
0.0332949264736144
0.03318893446789286
0.03317995296331856
0.03306526969275182
0.03343313194909357
0.032735538201555316
0.03284863996436638
0.034080474403770114
0.0347210265288974
0.03476618264167031
0.03517598421642221
0.035276168558195
0.03536607583573639
0.03539692159958346
0.03540524608192146
0.035414708363697825
0.03545089625666799
0.03551133823812673
0.03555552383223398
0.03560343781963405
0.03574189816623147
0.035634122590459165
0.03556528457952325
0.035634797731884965
0.03500646890366763
0.03553988919412512
0.034874529287328745
0.03493219765078416
0.03491900323757278
0.035826477319205595
0.03615372430377215
0.036035679943834456
0.0360679295258607
0.03614346230286696
0.03612168744570687
0.036148034185726055
0.03606829665636704
0.036107891222378785
0.03608554696434803
0.036079955344797784
0.036064967539235396
0.036090554064263286
0.03609155939609619
0.03611985496290454
0.036195611650709066
0.03627037429667849
0.03647818691878234
0.036551311067501584
0.036838542643440574
0.03707242464047733
0.037189550273255975
0.03673002510252943
0.03702840466898336
0.03750069979211992
0.037357471690735576
0.037269650080540576
0.037998079116534994
0.03787240974452759
0.03791650840090514
0.03789306090196607
0.03803847737757386
0.03808042095839802
0.038273190632855794
0.03840795016718498
0.03860990365130033
0.03855357246950936
0.03870495260818206
0.0386699957918054
0.038685235618371915
0.03873393556816414
0.03872821331599529
0.038723537026083915
0.03884337122118925
0.038875002671481126
0.03896376703629178
0.03906182299119739
0.03915506679070364
0.039087497164248225
0.03918074010709189
0.03910722698916775
0.039086728798448746
0.039196932349717606
0.039132096160102485
0.039137143010699114
0.039095980682391646
0.03912568283540148
0.03924678053334038
0.03932173770805946
0.03935667198979999
0.039390965340460854
0.039461728596005184
0.038794703159759934
0.03889380928244219
0.039047823175847485
0.03925048595985122
0.039398488709485154
0.039576215950673836
0.04050720082584884
0.040642489809583265
0.04073322190073698
0.040856211439015716
0.04106337555439358
0.04109180121134176
0.04115649783149327
0.041146639123771846
0.04129994875480034
0.04149498402299672
0.04173914313800558
0.041956021742235027
0.042478809720696176
0.04196034018387574
0.04216004607840191
0.04272607845855107
0.042989602359813556
0.04329452773981894
0.04465726105561046
0.04435764853780758
0.04419164548885553
0.043837620548100885
0.043886721319525174
0.043888025918965325
0.0441393123284197
0.044422190141205464
0.04458036241101235
0.0445851176769891
0.04414281431349726
0.044226917060413755
0.04457752226956906
0.04549183075653413
0.04578121433514909
0.04602162990236894
0.04627221041067712
0.04655793551658379
0.04661015990055475
0.04676848533753966
0.04687260615977174
0.046800316365550314
0.046293972084018364
0.047071624758764176
0.04666697176024814
0.046533361935263196
0.04729751773399974
0.04734823746034006
0.04663920682882941
0.0474211154713874
0.04770895279196105
0.04794717215003235
0.04808274798221256
0.04859386469466721
0.048439794753593536
0.0487576667475289
0.049037145836079404
0.049314171915646764
0.04893076640573605
0.0490392489630758
0.04868992222658901
0.04860034176446298
0.04889442257200715
0.04905637051471403
0.04870360572901471
0.04925488243274726
0.04903578042375944
0.050104342303907645
0.05045670099704562
0.05045914913573413
0.05025341316197045
0.04956524628784325
0.04970709502485828
0.05078315747805604
0.05078271814067398
0.05167012794477516
0.05123157819126991
0.05132450741771639
0.051370141675076045
0.050722330450714115
0.05081510769842896
0.05162246965695836
0.05167160410852743
0.051728959901799106
0.051869794380976955
0.05122397021571479
0.05146776056774726
0.05230178411391995
0.052477602928197906
0.0524558903442596
0.052442595904907546
0.05285348957335007
0.052928256554223556
0.053132770736747416
0.0533246674739461
0.05332338184577219
0.0535149785074035
0.05319757084051995
0.05268096977846183
0.05271930873669523
0.0527199786212906
0.0527413717205641
0.05284767602872414
0.053550881909394686
0.05354404694196112
0.053573316845136006
0.05383605466225128
0.05385251846413859
0.053867525631483316
0.054059954662488884
0.054624397369219
0.05477236592254548
0.05518930575438679
0.0550169106454863
0.054796599645786155
0.05427800761085844
0.054610889703997856
0.05465992700110759
0.054698441863806756
0.054728116735055926
0.05473782795720286
0.05489907429185549
0.05495272440183113
0.05573593259767042
0.0558632125586971
0.056054555925637746
0.0560922563688928
0.05626867906493086
0.056591604475413324
0.05669325913660191
0.05681522306976815
0.057016385525206346
0.056628759299664544
0.057179988411762896
0.05719140229986466
0.057479563699263686
0.05774076054603349
0.059152722387892785
0.058421363237995086
0.058351083582566056
0.05831714082769606
0.05843685854471629
0.05780353462204832
0.0578566908924285
0.05895078116205345
0.05899408444405515
0.05910047123283652
0.0596017962728775
0.05938362315986459
0.059168950903097546
0.058691402657705866
0.059131350561369526
0.05947077451041879
0.0597413160985611
0.05969217277282143
0.05988434452583146
0.06011829634973502
0.060139153887590176
0.06032698823552461
0.060772516139831555
0.060908969002677796
0.05999449109690133
0.06083743454463757
0.06030682440756263
0.06119315279316361
0.06131197955285811
0.06168365681554886
0.06142657353523068
0.061192955221812825
0.06118456433844096
0.06110465521796495
0.06118966613474698
0.06102792604144307
0.060303828320099666
0.06113911731212031
0.06111097285170736
0.0611472684163155
0.06110680565144784
0.06106741442473139
0.061239815364278145
0.06143171857824876
0.06155556657546409
0.061854071987936306
0.06177862193168455
0.06199815907234067
0.062240116668281414
0.06142474919067097
0.0625545451603904
0.061614665147457476
0.06151687896328416
0.061590416363646185
0.06172973126565209
0.061856466791689366
0.06255061106400556
0.06200785565047613
0.06192633182098411
0.062054516616691896
0.0619629796320068
0.06192950496026147
0.06179796225951811
0.06185806861876549
0.061706085318624426
0.061937145901259226
0.061212730960341764
0.06167792415900483
0.06141844364734277
0.06127329303995788
0.060934972911862194
0.061126853697486466
0.061128614986754266
0.06134369752650455
0.06143446381758803
0.06161661058871505
0.06194078056247084
0.06165635968252148
0.06076932192728754
0.06163988247859843
0.06208354618659741
0.06163033654060394
0.061026157846233796
0.061559071553349574
0.06142609518074312
0.06146277017391777
0.06132290438436893
0.06115206195854441
0.06129066712476808
0.061260053076574394
0.061242858886401214
0.06031499367932242
0.0608103162089859
0.060633166015023575
0.06017027761228313
0.060053181899126284
0.05973699362644823
0.05970821086769735
0.059356626390829365
0.05917748944851798
0.0587888365986906
0.05880984124698945
0.05812409330300714
0.05810040741358718
0.05802732564126281
0.058037523264989475
0.058971458664181124
0.05876877279234504
0.0586772450950669
0.05875462168709199
0.058862017475709995
0.05887576554349456
0.058714163099225475
0.05837284792645683
0.05819710748361993
0.05775756761997101
0.05756546502006701
0.05750780987574713
0.05648333500766007
0.05644354126272339
0.05640019179514927
0.05643358856200413
0.057126749068565075
0.05717318834260708
0.05733183229578997
0.0573306387500461
0.05789252188993251
0.05789482264706093
0.05785853565223478
0.05791288248152751
0.05778588648529417
0.057715978266751566
0.05765512374363169
0.057637518419954625
0.05768642102504307
0.05757135453019269
0.05667859619436789
0.05663405679666743
0.05662427289739287
0.056645712701917816
0.05658827076170896
0.057345467594377475
0.05741284180939453
0.05718994243324714
0.057159506401218495
0.0572363260674257
0.057063360832339836
0.056834455769533485
0.05648990094591611
0.05643336381977337
0.05573286338796046
0.05662110099799584
0.056747624478316244
0.056571482153112265
0.05653024591905005
0.05677442971137517
0.05686409463556558
0.05724918435290687
0.05732290692347414
0.05736648426105451
0.056963036056195224
0.05687122259938421
0.05662717170136175
0.05585211917968504
0.056601422957484174
0.05666985945087942
0.05656646837788441
0.05690778010230768
0.056781513966000584
0.056712845014039705
0.056603960964573444
0.05681586574364436
0.05628669493545324
0.056361530963793316
0.05616842834315145
0.05600019983546222
0.055975287486576215
0.05574847524356618
0.05566004632962238
0.05555708498555508
0.055366193053845096
0.05542063742921599
0.05543738348661152
0.054588114144201394
0.0544361059114193
0.05434092320926019
0.05434580897315167
0.05430993553741421
0.05484884837960152
0.05498333747622351
0.05498957697617369
0.05483561738661264
0.05492385357987466
0.054909943168889815
0.05486157899480458
0.054879052089526745
0.053928152792908905
0.05459300972466648
0.05364776441774256
0.054221318600986626
0.0537530285082711
0.05366179000716526
0.05353339405740263
0.053457894254980834
0.053413599933758674
0.05343739619577348
0.05371744271944493
0.053331088592179755
0.0534909494378164
0.05351127036821952
0.05319361616028978
0.05290703965279798
0.05346211986462625
0.05312197083022955
0.05261702987343624
0.05246701151598457
0.05234622229051288
0.05227148674218359
0.05208849607963741
0.05196783453259956
0.05203287895623059
0.05219373323018427
0.052334096327944744
0.052334096327944744
0.051777506516672595
0.051826734805129976
0.05284348830401444
0.052689604569036076
0.052648633430689706
0.05262695688815486
0.05258079016694641
0.0525631027443863
0.05236642980308723
0.052389176654205
0.0520688098636183
0.05214392160024426
0.0522626968760196
0.05229151553646054
0.05220591288440947
0.05213928134322887
0.052192243764999015
0.052210868058482705
0.05223153736664505
0.052294111574399775
0.05298712458985043
0.052284529826120044
0.05214926376488418
0.05180456120314174
0.051667956157095594
0.051641766233494944
0.051613284464782826
0.05192507961247393
0.051893463239683045
0.05181550435376108
0.05173873805691053
0.05113496961363565
0.05146870617473366
0.05145413712030823
0.051664149218526384
0.05186104713960173
0.05178498163252664
0.05163607124223666
0.051575451930764994
0.05163704964504958
0.051732819306017044
0.05196781420775863
0.05124118469162184
0.05127512753702211
0.05133521434932222
0.05149274714073406
0.05145879187580613
0.05139342946447086
0.05130803405555161
0.051179732128364255
0.05099815674141045
0.051166196722081315
0.05114621811111604
0.05093777087063956
0.050891658389536465
0.05082370762335594
0.050563831910801944
0.050601687734584073
0.050110587882346465
0.05030839458774539
0.05039621149606145
0.050234388637306775
0.05007509643128853
0.05008130082979438
0.050160132970574436
0.05042268043891477
0.050481143042445935
0.05045879851897797
0.050304336654165706
0.05036396237576397
0.0501666418346937
0.05046495324678862
0.05009804599121413
0.04992625592351388
0.050028470040537676
0.05009224290235812
0.05010480540657601
0.05010160185808236
0.050148397975762087
0.050053976197460465
0.04995433653742622
0.05000214540729563
0.05010098538930801
0.05056735951142034
0.050163799983980545
0.04975447892636343
0.04960403113881063
0.04932157534156637
0.049325945781371935
0.049332945857530196
0.04846572601293205
0.048096970408599886
0.04874555178537731
0.04862251064971855
0.04853566309443903
0.048473467758499894
0.04854468174074193
0.04873745438468568
0.04888781964214741
0.04925157395385275
0.049613851683864965
0.049985605309166986
0.049648286870342624
0.04981715090349866
0.050004935245938915
0.049478021745078184
0.04897238214954071
0.04885244966033085
0.04873552274811986
0.048524127977974105
0.0484285660543344
0.04829774172167856
0.048275572091045924
0.04810234093277166
0.04844324235005998
0.048517047331285756
0.04844870757931992
0.04821007985226784
0.04807471918776174
0.047903669948136364
0.04759438337338066
0.047520681400321535
0.0472345660827919
0.047014713215643746
0.04701770606687911
0.046989247225158376
0.04696602566732642
0.04682531153598627
0.046724154597654374
0.046740411095765405
0.04661319904457957
0.0463199787527632
0.04602811743986805
0.04590912710253043
0.04607280886071113
0.046362582021630475
0.046289139595295375
0.04644299050349041
0.04671775632618575
0.04670961920808581
0.046725956037612836
0.04662449680523327
0.04660946878146799
0.04718958489576009
0.046395242792903905
0.04577459881747114
0.046302617616960945
0.04617262994954424
0.04604056855335456
0.045875317750320076
0.04579858790055368
0.045669029417568216
0.045454969889623116
0.044538477282605134
0.04509756287564754
0.04532871034112822
0.04477954196010522
0.04477954196010522
0.04541253004490126
0.04543913678743662
0.04468341405510868
0.04487054705967125
0.04413148676065171
0.0442103658626898
0.04442043630427645
0.04444662616761054
0.04434023642413497
0.04420112248742738
0.04413310139839085
0.044300226630752046
0.04394600039091413
0.04402078921389985
0.04374733243821822
0.04291375300690402
0.04269800507512303
0.04273269863016107
0.042606630228211685
0.04231463843633776
0.04226403285876205
0.04213508381730571
0.04182273035043712
0.041637563490502925
0.04159703147124072
0.041787917056542515
0.04195895395116124
0.042070164242424976
0.04201148855199563
0.041615191067390804
0.040912498367968717
0.04147131433973047
0.041396144411844756
0.041450033503007876
0.04143877568740784
0.041451011186005124
0.04138493029605922
0.04120261901150201
0.04127314415150471
0.04132948507635196
0.04180296428239143
0.0415959125545583
0.04159799776136744
0.041930770826702914
0.042493597017282586
0.042434889149362186
0.042342426663762825
0.04235091149638
0.04231800364307729
0.04231485236889757
0.04220405279030559
0.04234657589282917
0.0423584089028
0.042130570839039136
0.0421831112959585
0.042174308351404496
0.0420933056212373
0.042007523996749174
0.04188078897969624
0.04183040610818972
0.04168458376519689
0.04151137437616051
0.04142951832602229
0.041346785423063616
0.041234849523291504
0.04113104418593498
0.04113503838659563
0.04117060284355968
0.04108320892967797
0.041214576739781725
0.041367515973162
0.04137256631247425
0.04140740536093999
0.04155585149376099
0.041710841447151786
0.041650509180435336
0.04144965017502145
0.04164681840219781
0.04146163808771441
0.041373343429871035
0.04112119588102525
0.04114199704191062
0.04112292519286003
0.04107691024470381
0.040989397361292694
0.04078353898953941
0.04068784051975984
0.040762708157984676
0.040746489719691366
0.040900826121363684
0.040784597463034526
0.04066939444635483
0.040088470869461615
0.04012153871985173
0.040252618467057376
0.04012634991302476
0.04006825691263581
0.040120091840072244
0.040177190626648075
0.04027181715474566
0.04030148893840365
0.039971043773987046
0.04020952112935011
0.040184145957569105
0.04024240098102161
0.03973610083187627
0.03976270683664804
0.03973603567388849
0.03946545072129205
0.03954875747163577
0.03923345667067229
0.03920217443734102
0.03908542992984056
0.039131668505730584
0.03917968369374164
0.03922039818378292
0.0391835008407541
0.038486978971053444
0.03878181570612872
0.03854502159431135
0.03867364739117024
0.038542898524992715
0.03842716412229847
0.0380730342906687
0.037659698387587724
0.0375527689268089
0.037285858962563534
0.03705090232302565
0.03683575942103702
0.036598616796527345
0.03664175003183784
0.03641876435172605
0.03615450018709908
0.036750715632641595
0.03646323641217694
0.036135335127666236
0.03620179724779421
0.03627270164454075
0.036106637941780324
0.03584477410122673
0.035994816560513475
0.03549424037655904
0.03512844583369436
0.03473762593373732
0.0349003125931586
0.034767525041232934
0.03455255864908653
0.03458451743390676
0.03458451743390676
0.0342183415038063
0.03401760009032425
0.033695114317673656
0.033349982671471136
0.03320664763956422
0.032995281483636514
0.033009893681133655
0.032881003612280045
0.03275572360348139
0.03281758524902981
0.033097667725258274
0.03302911622557287
0.03312320147920391
0.033083177737741665
0.03305379781672194
0.03295183773739397
0.033064088608224865
0.03307420699121713
0.03286940978207647
0.03265764475497305
0.03117079008765066
0.030747286914667254
0.031192209546403483
0.030114772664226137
0.031179151868542594
0.031078010145631513
0.03093495822170275
0.031078822621662183
0.03029649252836941
0.03113095213140612
0.030782817878353467
0.029886231051656376
0.029467333366599492
0.029012447787813013
0.02887597877991302
0.02836952901198971
0.028277201993747014
0.027826320816250198
0.027684626625782943
0.027234551491928095
0.026956892135437352
0.026856733891242907
0.026850052144031897
0.02694112438989589
0.026792060585103854
0.026710088669832155
0.027281428113399588
0.02694214546237256
0.026965898703209156
0.02677740572199053
0.026936085509273892
0.0268247161719004
0.02634544799389522
0.02600120382308811
0.02605297899031373
0.025972787401360005
0.025777966544424612
0.02548252336342275
0.02551499404337965
0.025412418733540453
0.02540772868302253
0.025467496909229566
0.02533174590332379
0.024931975166998084
0.024825126978592033
0.024761772285466662
0.02466000707586458
0.02452410858797226
0.024332702223759092
0.02423004845276087
0.024234007834958948
0.02393897483870969
0.023630227930740225
0.023641989083656036
0.023620656401620446
0.023846624509450538
0.023820138063426272
0.023953642512095384
0.023701628449571178
0.023485866002221818
0.023263991098297427
0.0234436158677155
0.023509205491068292
0.023939891702232804
0.023733172237321135
0.02419765540656381
0.023646339027415857
0.023532297694537265
0.023349279197330083
0.023209409502971044
0.023110390825557027
0.02281739153532787
0.022703618166398196
0.02270761154102891
0.02229058468866639
0.022275231972711806
0.022193569944986346
0.022023558258843192
0.022030903498774523
0.022159113048931
0.02204563464618405
0.021992317210315526
0.022156699161759136
0.0221807170384939
0.021979164054804518
0.021867342866585676
0.021854996237754012
0.021661906048744215
0.021686696926321584
0.021701124291519155
0.02192144086323137
0.021952504771559894
0.021719257225866425
0.021816046281873946
0.021299866370522457
0.02052687545431931
0.020743460043272172
0.020638506154242446
0.02056355761103303
0.02009743814026712
0.020066268724046248
0.019940065440573643
0.01981513121048567
0.019162326261516874
0.01874630034340544
0.018495883281576045
0.018501061668712453
0.01878019829978985
0.018790148143901862
0.018863450289606697
0.01802568239398663
0.017697870235043173
0.017509605903852577
0.017463935199721586
0.01759687158361695
0.017393909338711013
0.017171334811523154
0.017071627052513628
0.01752358588405639
0.017642351622081106
0.017504482861404238
0.01725444747645575
0.016764799127242037
0.0167296613423986
0.01638621008383897
0.01587530194214141
0.015621461346580781
0.015309907434900169
0.015424201902171277
0.015620858196078453
0.01557324512525602
0.01538481363562014
0.015428815631116522
0.015540198036598351
0.015641611995944594
0.016196581517793015
0.01586704006533139
0.0157598452200388
0.015585193952218171
0.015331887275682445
0.015012936878579294
0.014892425150217261
0.01464828254362648
0.014008987628942517
0.014131328867072215
0.014263716727784941
0.014550930923178919
0.014573047790903569
0.014274978564107364
0.01430968876398255
0.014539658107474488
0.014474606239943087
0.014287638058239956
0.014188684380678343
0.014227576917423008
0.013797062184615147
0.013482538642443996
0.013277072098243161
0.012964858360610062
0.012962490961784446
0.012809092022951264
0.012953965675327169
0.013208801424196477
0.013133651339338566
0.012905791038690592
0.012732183890934163
0.012514761058501954
0.012004329370063153
0.011846419562670627
0.011937089411303082
0.012009404305001473
0.012056144027214482
0.012108565105979205
0.011916433231079408
0.011736801702333386
0.011784710043589318
0.011735181452737713
0.012045603986921167
0.011955488698680341
0.011938189655045249
0.012248978786781857
0.0118136050391832
0.01165328746954078
0.011407679177709847
0.010543947605364735
0.01013724835710704
0.0099166812369224
0.009272296950263098
0.009041996522564655
0.008952806364000903
0.009106745509341894
0.009041459962393123
0.008924024120343713
0.009159476509572934
0.008926150270333076
0.008954451194994455
0.008981766746801841
0.00821942254372618
0.00792374631490599
0.007629870979372503
0.007610491492316934
0.007148381111708841
0.006907016333303185
0.006843852550484853
0.006764788592106138
0.0067210180332743915
0.006515244858798984
0.0065301912903128695
0.006581492771219843
0.006857533897563198
0.006865856923859226
0.006493321626590663
0.006361260554981496
0.0063444713531441025
0.006394329486825029
0.006836219417015765
0.006101546806147461
0.006209441301669077
0.0055429617549298486
0.004930022043546489
0.00487179498959785
0.005236132716157322
0.0057743739717167186
0.004598577077890612
0.003636664529913716
0.0029465849054240148
0.0026392855571143554
0.003024787885125709
0.003934334139272321
0.0043028188705162675
0.0032802123059825087
0.002373748608369297
0.002186752465746852
0.002735789507730277
0.003372159542469746
0.00393411731877856
0.0034962617386397605
0.002461792785435776
0.002362462186619456
0.0027480183268409567
0.0021009357604495414
0.0015379344260752254
0.0020299099668774395
0.0018070913368106614
0.0009231081254264902
0.001004555217857739
0.002483446043924671
0.0026475218705843072
0.0013092001531504489
0.0016122526637838103
0.0026774304214659895
0.002661529296647198
0.0021852935184268622
0.0018812524239818539
0.0019011498628133242
0.0021989393535358165
0.002742949833459516
0.0032128045888064455
0.003944021407054594
0.004514246184558066
0.004134344288184226
0.0039282030104236245
0.0037150434789106155
0.003391188714106616
0.0033343153596990726
0.0030385577114351607
0.003292761526529188
0.003962032300995462
0.004646312094040831
0.005519096344358537
0.004815115672116351
0.004680343118488757
0.004934391645168677
0.004768142851171586
0.004691736669785485
0.0047596716267533775
0.005408097001001087
0.006175676276576341
0.00644322836533607
0.006921318063510303
0.006803890393296521
0.007028847208951501
0.007337490241991268
0.008124673905190269
0.008224463944051737
0.008363909159506504
0.008875543132160435
0.009510943565672166
0.009869685219198813
0.010447037066997367
0.011118041312425471
0.011778287323017689
0.011936441514194766
0.012180413456667252
0.012593161470836039
0.013232491497241696
0.013408447363850618
0.013514235187019472
0.013718611874179245
0.014003790266006975
0.014585222512090623
0.014915210867847724
0.015113346357532028
0.015423751739111601
0.015812876221071172
0.016161936322891087
0.01652231216575161
0.01717051601132822
0.017566154448033
0.01786178863163723
0.018247385804815414
0.018762591429099196
0.019155234175288416
0.019326321208654258
0.0194763769953823
0.019575332502786463
0.019858490783226806
0.02020374367257444
0.020850023459645903
0.021232174972467908
0.021557663321616558
0.021923144873117938
0.022255599122894404
0.022392805330107977
0.022752064844537536
0.023008091326798333
0.023517250179376694
0.023775452218676413
0.023759375437040695
0.023891101605344068
0.024171283375062816
0.024733530737331453
0.025199682244882893
0.02574215327155006
0.02628852689595208
0.026738309451298785
0.0271347814696697
0.027627360618167795
0.02796830382566232
0.028382188413339303
0.02863170029727807
0.028861727833083686
0.029174212542749805
0.029626490719216872
0.03035586118439556
0.03063995230972469
0.03097721705950461
0.03135922685539291
0.03156147698464843
0.03193918017454335
0.03238833484634415
0.03275857354087513
0.033026135687113115
0.03334563651722637
0.03370386573480195
0.03405615107249445
0.034480473390902835
0.03502232889361896
0.03556552041076322
0.03593525035946978
0.03638210633781461
0.036654018123230846
0.0368334803127366
0.03703987295080293
0.037564171663609966
0.037790276927359034
0.03786905340868174
0.03791392786096531
0.038026248373299425
0.03830654293088419
0.0386938760946795
0.038941091963935484
0.03963333916680185
0.04023892435778626
0.04096388039352122
0.04156525817455259
0.04214027208129353
0.042503065046634605
0.042663264619655354
0.042773282065468356
0.04305157652664386
0.04361532854787109
0.044201468623991366
0.04453475264374409
0.04470613767632757
0.044868416527427506
0.04514737416136938
0.04538722877209887
0.04577452399413752
0.04609900615862457
0.046391356707099145
0.046710846931377836
0.0472976945892258
0.04780360998495607
0.04818484532171278
0.04850052301001065
0.04881614270897067
0.04901643691981485
0.04932042288069479
0.049546548258635394
0.04969816786197955
0.04989564155559222
0.05011219308935742
0.050311257557681
0.05057362500332848
0.05087591013974094
0.05111736108534636
0.051322571428891274
0.05117933385539195
0.05162106233072007
0.05190462637602476
0.05236963605660408
0.05280343195225333
0.05298597131829996
0.053635360035700415
0.053788104770742085
0.053916238596589186
0.054234567464481034
0.05444374004511551
0.054832263715469086
0.05505825085545314
0.055269017773516387
0.05550156760806719
0.05574949379435114
0.05600571455021437
0.056323939569879494
0.056792425589083526
0.05660145233149747
0.05681857256836435
0.057064790411698936
0.05742423595492633
0.05772609144700209
0.05810686088313664
0.058035936415567764
0.05829355481124738
0.058976833772039466
0.05943340031580984
0.059988832210468745
0.060354531362277565
0.06082987114311363
0.06129219058193415
0.061822108685664505
0.06215909934188954
0.06253286450426954
0.06291942920601486
0.06332749143915216
0.06378010790206887
0.06426634933503979
0.0647115291145341
0.06516277377798428
0.06554851536075695
0.06701898619877472
0.0667378381744336
0.0671729244811156
0.06771551486535322
0.06795911182948004
0.06851675598813313
0.06901530771450665
0.06959138920075149
0.07023248837477689
0.07087066713444182
0.07166957109442779
0.0723432451447776
0.07351015942744497
0.07427994013867273
0.07508477349386973
0.07586932579292789
0.07699841905715456
0.07769431327338215
0.07852963043169726
0.07921031974376658
0.07992759023058227
0.08020848425205315
0.08054899241873391
0.08082597995183087
0.08089484576990999
0.08088024724033724
0.08089701870971998
0.08089102150847088
0.08089453854965359
0.0809132687264741
0.0809063322441742
0.08097777202829448
0.08108007921882408
0.08134962114302074
0.08164395943152734
0.08204944609740018
0.08239046524521774
0.08271845051117628
0.08298346915771945
0.0832976364636048
0.08357324070883042
0.08396511570170757
0.08436644436210983
0.0846392526634871
0.08502307145018685
0.08545846846999806
0.0858219560933664
0.08629393021880671
0.0870684052926828
0.08789111728667974
0.08861649063091964
0.08918584852426478
0.08976241393642545
0.09023746737653318
0.09083943401884798
0.09147286340746734
0.0919682094202249
0.09258703562847309
0.09296240661671225
0.09353365111046205
0.09401207845588112
0.09469391891577493
0.09607036600227745
0.09564139733279572
0.09595825587510604
0.09631566718917663
0.09663513682966493
0.09686887348275264
0.09717366719312837
0.09744218966775658
0.09781337316543215
0.09813361738571985
0.09851667671068859
0.09899748984854767
0.09955649435253859
0.10000749764493005
0.100303845572197
0.10052823452393944
0.10084618652230813
0.10107852861912718
0.10122264176871217
0.10144435665151962
0.10167868246356736
0.10180314892463177
0.10194447619794218
0.10204873220838004
0.1020770109599982
0.10213176088563033
0.10226301792949291
0.10245832232043305
0.10274129987158102
0.10295909812349571
0.10315421608359247
0.10332993655545077
0.10352515768659074
0.10381222186949496
0.10413061935671154
0.10461590943200932
0.10518667017699965
0.10576155914641092
0.10628506429180108
0.10684022292456795
0.10741296880708727
0.10790145205278119
0.10841056636142613
0.10879452231183642
0.10941128823683326
0.10965782035207676
0.11003996710360736
0.11039179804648516
0.11090299242895907
0.11140550235484412
0.11191101680745957
0.11239392583955837
0.11283966836099651
0.11322083697355355
0.11365183987200367
0.1140569546964794
0.11443477620945659
0.11483390066771004
0.11512007915039842
0.11553174521753734
0.11608053641565988
0.1165144711789365
0.11712597846839774
0.11768320396192324
0.11810930763058236
0.11883746374342216
0.1189988553887465
0.11928964766806188
0.11960294559780911
0.11982800196535762
0.12001472213439036
0.12044963775773425
0.12033296443013884
0.12046763381395492
0.12064278260087993
0.12080720902867544
0.12102944608129484
0.1212874262211918
0.12162356192352981
0.12194949324831676
0.12230097742233406
0.12283880424209578
0.12317279411527873
0.1237474107757244
0.12415371352547816
0.12455565277095432
0.12501051418514178
0.12545782922328386
0.12591972457141293
0.12630362130226475
0.1274475697108969
0.12743883041243886
0.12792491017822574
0.12854067434433017
0.12886165043629164
0.12920904358727278
0.12943927345108291
0.12956415689968517
0.1297236642956308
0.1298170187146872
0.12994253029227312
0.13015503069886492
0.13039968338465685
0.1307089675858808
0.13106192150834794
0.13133155137156283
0.13160573943501036
0.13241438854631643
0.13211167066639082
0.1324310596653185
0.13265957353677885
0.13295000814882152
0.1333415745091398
0.13342048848479066
0.13359655484811464
0.13371628295669083
0.13383494147170533
0.13392529646827112
0.1339982395413967
0.1340869724837264
0.13414450534488126
0.13421766047159264
0.13438355595540988
0.13490808579886635
0.13584770099144514
0.13591721591446618
0.1361895657425067
0.1365652977672951
0.13696392854865125
0.1373261772484329
0.13770007099376633
0.1379660151648593
0.13826305256578014
0.1386846148066244
0.13903818713702648
0.139577085283806
0.1397807718331208
0.14060651282820727
0.14116028698945776
0.14179468085575347
0.14230389535845298
0.14255589184814843
0.14258431995720028
0.14273449139084454
0.14282669597499642
0.14322018647245147
0.1434404006956611
0.14377232450439514
0.144169321424549
0.1444937104375245
0.14485100806566084
0.1453591271266912
0.1458009083914139
0.14612394858162642
0.1464485505707235
0.1466926262629998
0.146848231356528
0.14704060246706896
0.14722938658447082
0.14749074856363553
0.1477336615479948
0.14838352432658633
0.1485070004435848
0.14948349956030257
0.15018197871655942
0.15019615836762293
0.15132756780390827
0.15155222338846952
0.1531791315320498
0.1549571214071544
0.15601265610272624
0.15679276937552608
0.1573474105241036
0.15857220575776879
0.16022760224283764
0.16094000707632403
0.1620017534744696
0.16263431418059096
0.1628853673417054
0.16312288672256953
0.16348139295165526
0.1638118357102623
0.16401706761898768
0.16434445042335596
0.16450964719126412
0.16455172221345357
0.16453138037415962
0.1652618900057737
0.16528498857664217
0.16536170323407715
0.16554467831487166
0.16647703461369695
0.166605527445957
0.1676922088520507
0.16860805397448128
0.16962051447936471
0.17104664369495295
0.1724092739427455
0.17364566202479037
0.17549549075722592
0.17805335706786643
0.17992429183704464
0.18206541491402836
0.18542662955471476
0.18776619780212625
0.19126450620774965
0.19542848435134635
0.19764019939505884
0.19946265642017608
0.19992571460798378
0.19985254677132258
0.19960088841750726
0.19946648571977618
0.19954275435631488
0.19970132316512468
0.1996518814022129
0.19962940950795377
0.199907237546756
0.20040223822884987
0.2029207248502904
0.2038596667706731
0.20473420834136444
0.20589805936848624
0.20737998496079219
0.2085390373293981
0.20959872772166613
0.21153231725199145
0.21406861699206775
0.21695206325883915
0.21961882413050765
0.22188570120855367
0.22339734547164847
0.22498685395467274
0.22687207199625617
0.2280970230210556
0.2292728797514264
0.23041125380920366
0.2323272701534771
0.23342753288431647
0.23487897295624519
0.23707147161330336
0.24081190237519945
0.24290256712830313
0.24464890547781268
0.24754924232608813
0.25078632634086123
0.2545396207243549
0.25784614175391113
0.26177806742286225
0.2643512656304298
0.266857158724192
0.26903193374500084
0.27108680301443855
0.2725306204727052
0.27465879796052406
0.2772386195766564
0.2785669094954431
0.27842409105887156
0.2784040541004187
0.27789484717358215
0.2775328398424538
0.2762917583396564
0.2769521632737096
0.27791223470146337
0.2786252738504436
0.27916120942682704
0.2794429799549843
0.2804875759249983
0.28108303009466273
0.281650782259667
0.28220144500423616
0.2831019404575051
0.28402981040819925
0.2847293917124991
0.2863506332836274
0.28827404714906446
0.2904718124574563
0.29226622631645677
0.29488014110037675
0.29795059155306564
0.3012232595540286
0.30494316229925805
0.3087287427794802
0.31198214055963897
0.3166975470123595
0.3206822928915585
0.3254072905785639
0.3297042404215339
0.33549019137341696
0.3394994123925033
0.3428082625429977
0.3453359309090584
0.3491202579296676
0.3517299189864941
0.3549768425535544
0.3582614365771997
0.35975411852585315
0.36321824289549737
0.36597427106658814
0.36923485886079493
0.37122739401821175
0.37169797862776427
0.37133465271556426
0.3700019731218094
0.36952718484845776
0.36813993418748503
0.36639415559352667
0.3656826569496957
0.36563189319113926
0.36540876435819064
0.36477783073557024
0.36431946893012307
0.3643205476918502
0.3626687000798707
0.3628029889301093
0.3631775747180272
0.36188197403294303
0.361675280677849
0.36144836709280437
0.3610620851049652
0.36093245306307253
0.3607624498371327
0.36014784031354413
0.35946760043168585
0.35958372891494167
0.35891607556573313
0.3620667991551314
0.3621291105635422
0.36268291373545486
0.36423756806834295
0.365555594369739
0.3672331598869715
0.3687191596073854
0.3716871909046442
0.37351326544835667
0.3754919224372496
0.3802082971138306
0.3820661757072976
0.38366873110224153
0.3859324383243219
0.38828769929320234
0.39161642655041207
0.3944099643765937
0.39572600769901756
0.39652169200502035
0.3977218737496456
0.3970594582938179
0.39717657492126535
0.39690349045929524
0.39681317536712113
0.39608874758009255
0.39569670357101305
0.3947025777374958
0.3929923313091559
0.3913623720877621
0.3896979920871142
0.38870713337069984
0.3878055390323124
0.38607859799956284
0.3841967126804039
0.3822290882557499
0.38050487824590806
0.3787420462235361
0.37702841893926464
0.3755548277170417
0.3728917407370184
0.3716007542680235
0.3695827681349881
0.3678051409401764
0.3657349394067842
0.36302848980849706
0.3606169666489274
0.357076049071334
0.3529987436702546
0.34976685722769596
0.34664372229882917
0.3433291255489857
0.33898888787945153
0.33379949014217525
0.3300547948470915
0.3264478401307147
0.3219373400864637
0.31844412947111533
0.31488081785840827
0.3120475760382491
0.30970922738268625
0.3079755917544864
0.30645395359908706
0.3054919651545004
0.3028751522407058
0.3018153735326954
0.30046462230360693
0.3005169732628558
0.3012998699624682
0.3008483030966076
0.3027076977685423
0.30391932093177765
0.3052013579697343
0.30799136697733537
0.3100452977346284
0.3134060908283701
0.31695703777855333
0.3218252060585664
0.32463927521740044
0.3297233875488337
0.33315302926714013
0.339903372384149
0.3445075900178945
0.3499650115413181
0.35596646423077266
0.3613696994340441
0.36723598112015654
0.3748692191226246
0.38089669129916987
0.38883596204914594
0.3956487801641995
0.4016062718977631
0.4087805184600147
0.416753645394002
0.429600720093242
0.4372750408617473
0.44308226928138095
0.4492735909248254
0.45951090921625765
0.4673917867403141
0.4741006106791006
0.48349008841973673
0.4909587992373732
0.4980307633655056
0.5126966509920774
0.5220999356536734
0.5294584823323919
0.5383610393453481
0.5465515788773483
0.5479355810430762
0.5666357291904739
0.576679659709589
0.5861979669562886
0.5964734213989495
0.6087956683787696
0.6191373776365771
0.6270372476825381
0.631092364835677
0.632981718847175
0.6332301100963647
0.6339219211822618
0.6342397219546101
0.6335417972225108
0.6325204006564248
0.6306204877104469
0.6271181641643727
0.6252198957072569
0.6243894851301562
0.6248980604522232
0.62526944763194
0.6257861473252061
0.6266729534983151
0.6275013812530961
0.5952189678242802
0.5892433989290867
0.5890904113573623
0.5908843691675697
0.5927360398835593
0.5928886374090924
0.5920576930118567
0.5899182708380659
0.5885030445765929
0.5860346442689665
0.5830999729000432
0.5798247748088337
0.574854549183922
0.575225602029846
0.5638019865398773
0.5576585590389622
0.5510433703553995
0.5423062165323516
0.5360462064748371
0.5291316045292302
0.5213640325279985
0.5144059996871054
0.5078814843044754
0.5013868927585522
0.49307277714678227
0.48446183968547923
0.4772779273874483
0.4701961557510285
0.46529215031600696
0.4581459709890837
0.45855343974122786
0.4589295582045497
0.43770665475844095
0.42928595432814576
0.42069243401994905
0.41601213493799305
0.40369512965770105
0.39476250021516895
0.38862893276619054
0.38617144212446664
0.38216184467103476
0.377028749664727
0.37068388903593674
0.3653462877562507
0.3594548377703163
0.3530622224801915
0.3466654924375092
0.3403633180382433
0.3348259115248864
0.3293390043418505
0.32267925067789893
0.3177654041988379
0.31374176327526787
0.31073020472516766
0.30929722651243474
0.3076856887779445
0.30647324643972984
0.30640233175277504
0.30695166876795554
0.3064365583208824
0.3057390697873745
0.3053434530950349
0.30469431257654905
0.304507034449432
0.3025201638105802
0.29969017345002447
0.2974773891404588
0.2938322679866558
0.29006896364169615
0.28561744211936957
0.28027250130530534
0.2769167761714045
0.27262189044658525
0.2664718925683313
0.2601288014336791
0.2545701495644922
0.24879522292780418
0.24252113276376916
0.23676729041983174
0.23248499722344226
0.22857715854126323
0.2255879819383166
0.2216829400302591
0.21695521238934387
0.2131217732963247
0.2114992688426581
0.21136979926340446
0.20968893419608567
0.20797884313746773
0.2055008138452627
0.20232324256655207
0.20072465354719626
0.1967970383086642
0.19118371187752353
0.18584501867788264
0.17887800528979644
0.17331937317439536
0.16684297810921705
0.15807014441059739
0.15107669156269035
0.14321497433087
0.13606923377193675
0.1298838158220683
0.12140601488692242
0.11412855462395721
0.10765056506278566
0.10035188613504947
0.09590782572934171
0.08999279186296014
0.08505218728307305
0.07963497440350313
0.07530057024477857
0.07159060458448908
0.06844732181758496
0.06796045889298498
0.0649195950714486
0.06490960022925671
0.06650695110060205
0.06907547998717689
0.07151875931147093
0.07613854811454375
0.08221633012623397
0.08772709578283559
0.09084448262595453
0.0869956415520552
0.08324661432399912
0.08104388441169676
0.07822349684225863
0.07449268779902428
0.06834526507791906
0.06356371967455157
0.05993268908826375
0.05679417611934407
0.04984648922707601
0.04803920315196105
0.0450124707728937
0.04451896405032161
0.04483437338856249
0.04428573526721276
0.04340383529466352
0.041200399796151914
0.04055609329754139
0.04054925530509024
0.039619964176054526
0.03912028176811344
0.03686210018248746
0.035638588031624355
0.03507902797845255
0.034502670162103205
0.03388452007681889
0.03347975572973677
0.031476916259809966
0.03074641561446744
0.0304372518087154
0.03009604346742347
0.029676815627163778
0.02781116124226849
0.027279052398220767
0.026873352351736626
0.02651202212534584
0.0261527893587507
0.025769466805006424
0.023832260280256968
0.023555293377885443
0.023348138360600897
0.023023080967290294
0.022700393573938233
0.021348234234631135
0.020978018207538997
0.02075273579544429
0.020509740869333857
0.01896216609809465
0.018414816587404653
0.017890798285721054
0.017466288453272513
0.015740303574411304
0.015162930439394881
0.014566640722693496
0.014008574809510062
0.012873306238330632
0.012453114957611382
0.01202288781053163
0.011470005944593976
0.010803484036398045
0.010387231603328426
0.010064922070038486
0.009173631907426462
0.008423108820404345
0.0075807630235922956
0.006900191495510934
0.006532834901062244
0.006309940757740154
0.005439485633262827
0.004408540673309652
0.0033487377714231234
0.0019729695787624605
0.001027124706323885
0.0011603932177440756
0.0025082332118426566
0.003289347560205717
0.003748632598262325
0.003599404674764842
0.0036683806537806817
0.003994310023351178
0.004522016354996963
0.005297750582565595
0.006038019937989815
0.007072302965430071
0.007493399568953602
0.007819927296738338
0.008070642978848918
0.00843678316809723
0.009292047411407309
0.010005655493507806
0.010598879313777048
0.011301332741721952
0.01225035800786816
0.012828919317859674
0.013201215165651817
0.013564315810832906
0.014001014493507385
0.014594145774360953
0.01566854326517351
0.01627450365834636
0.016941838703983695
0.017476452620880926
0.018038472837554064
0.018878756774377607
0.019418190010480927
0.019893909713307005
0.02072590520469121
0.02125998188821239
0.02189215398532229
0.02246508940309113
0.02318779400618626
0.024330475021553846
0.02472439439611139
0.025217375615513443
0.0260566231105149
0.02663113605197505
0.027245100194333172
0.028145101335188914
0.028779399102467917
0.029028467577058178
0.02988472213864415
0.03053866017805489
0.03140872350617728
0.03210408003411324
0.032852349949664315
0.033571384941262175
0.03436099527561468
0.03481370363451088
0.03571579922302086
0.03655573765331701
0.037431259155511556
0.0381895733456099
0.0390178559895364
0.039686385098790994
0.04023429430952089
0.0408922078317889
0.04160568791446525
0.04185218180246041
0.042037085098023244
0.0423767567814376
0.042709570800901445
0.043009917737316355
0.04331390208348228
0.04369500088679113
0.04402941521711217
0.044378628465471935
0.045065288116290084
0.045702285173526494
0.046149302462340815
0.046388106087559826
0.046629098033533316
0.046834175218469186
0.04709630265721247
0.04715357610914251
0.047365395716099816
0.047741497136540065
0.048078497588357055
0.048637168234548
0.049316524136077
0.04997343011150882
0.05081502248388821
0.051300687437330524
0.051655052739000444
0.05189511857740673
0.05222338623328516
0.0526130637061418
0.053304567358196706
0.05379722079105096
0.05422650526487446
0.05498980152114966
0.055634489797693226
0.056703740398112545
0.0571643139788641
0.05777921502553607
0.05833970460665601
0.058842185608640254
0.05930370336330743
0.059742088044348864
0.06028357718980594
0.06080131524047235
0.06182997195528878
0.06229678625283117
0.06261157301923621
0.06305369403746515
0.06342562550504706
0.06365542656000663
0.06386721638729854
0.0642214622030789
0.06460132386971937
0.06506309261369786
0.06547500056175945
0.06612097148966205
0.06698058045153232
0.06762341887161716
0.06817124627122606
0.06915654614755656
0.07001292771533121
0.0705227984101779
0.07094691366403001
0.07160525981460822
0.07231080875363201
0.07266035298969183
0.07318452818603646
0.07430374746621522
0.07481607943197441
0.07507163462735902
0.07542419144955342
0.07598771582820163
0.07660751622703894
0.07758232617645397
0.0781018188654616
0.0788591405086431
0.07956393383601537
0.0805189478783203
0.08120368054320289
0.08193803458241004
0.08272842392971269
0.0836671841476224
0.08457348040648856
0.08522860572029432
0.08582308677986979
0.08638078151490841
0.08689828664041399
0.08740335634061885
0.08772788386612178
0.08828347415606567
0.08892370403406258
0.08971786594068314
0.09048890953183783
0.09117528005541384
0.0916938639565217
0.09262764474898692
0.09346700974506152
0.09415878477832822
0.09508734354424032
0.09604442184250066
0.0969603988594561
0.09771803315840506
0.09834345358535038
0.09943132909204198
0.1007988955482899
0.10159911618606428
0.1021201249133086
0.10312109526557359
0.103912881397219
0.10450231335269268
0.10555315515435493
0.10578053563750311
0.10621511524345681
0.10674553182532594
0.10767644945534985
0.10837253724503668
0.10888130844849016
0.10966382419593855
0.11053721047430766
0.11124954911961907
0.11190784796645308
0.11307788444318942
0.11376066422240545
0.11439446516694532
0.11510645919960394
0.11612481706914161
0.11606150179912308
0.11625439384457371
0.11659371020428456
0.11687701554134071
0.11757783098457644
0.11786629521636878
0.11823520456210589
0.11862475645704532
0.11928339771756069
0.11965835669966185
0.11999973062380648
0.1202924333087299
0.12068928332687245
0.12119031832354062
0.12121475640215594
0.12151043342287247
0.12164293078168194
0.1218682428678644
0.12209420878540045
0.12236600493448258
0.1229993733138129
0.12361702519697018
0.1242059976361386
0.12463211776078013
0.12542166053400208
0.12603140253593284
0.12644148384555662
0.12688054072652208
0.1274769223635737
0.12819909952200964
0.12910331554055227
0.129609486885057
0.13017805558575463
0.13056131666584195
0.1309884865345232
0.13128959160528617
0.13157068058032204
0.13181476492896396
0.1319496682695362
0.13208043666761946
0.13221416306145045
0.13249289204019515
0.13258039776990663
0.13277277180981312
0.13294833843772513
0.13308282649730657
0.13323999905173872
0.13339537527167622
0.1335158330460401
0.13376878822256483
0.13398623161483755
0.1341889330397069
0.13429401293652088
0.13453147644691962
0.13467472661701657
0.13477503340956465
0.13492412180247232
0.13506515779567568
0.13536318290315894
0.13547374685719157
0.13576737776143658
0.13611013860970622
0.1364222069716678
0.1368370588523132
0.13720620285781934
0.13785055542721386
0.13818254949012773
0.1386845109633595
0.1392046322324962
0.13973966991639816
0.1400578409273759
0.14035816742281368
0.14064527995302895
0.1408575521845617
0.14101609067996596
0.1411611016385406
0.1412905224824267
0.14149915731016452
0.1416917236380491
0.1422707204095293
0.14256805720399526
0.14272498390861413
0.1430453625435179
0.14355992133792242
0.14401699625474199
0.1446774157342128
0.14494168068957208
0.1453011852298489
0.14562576566062582
0.14584574550425466
0.1461193594416944
0.1463180488004381
0.1463180488004381
0.14664293787093305
0.14708926592641966
0.1471298102698326
0.14722271717221355
0.14731338814252684
0.14740698367766703
0.14758882937583703
0.14766731937351632
0.14792549728027354
0.14823314108749394
0.14879279380854812
0.14895235776707363
0.1491564297011243
0.14926381831121868
0.1496761746927105
0.14983542334009975
0.15080023681412624
0.1515086372068331
0.15195364938956307
0.1524514525721661
0.15288915276884288
0.15373266197642907
0.1540163308909399
0.15486564702268066
0.15525396387163287
0.15555427175940859
0.15553550946330746
0.15598176595302732
0.1565778882537219
0.15718470140519927
0.1577364182077426
0.15822946479652686
0.15852879242551948
0.1586484835013566
0.15896364715960376
0.159100857250226
0.15960002316068525
0.16012874652645567
0.1606584088303559
0.1611581125675192
0.16141828980722128
0.16205241315633548
0.16263098843871843
0.16324642440793322
0.165113653105159
0.1654528120198203
0.16547269751387655
0.16593671853278194
0.1663027394906864
0.16664706443657887
0.16700664518141667
0.16714625417554468
0.16747145403051103
0.16774137816169296
0.16797702218501903
0.16821137741640071
0.16843721188069308
0.16874680351317412
0.16877544107605338
0.16900739619541658
0.16927457907501553
0.1694263634182295
0.16957161136635118
0.16943980932194036
0.16976993576836583
0.17028893918039212
0.170634505747268
0.17109691473510225
0.17147286638770218
0.17214978476294
0.17255431042101127
0.1732070369817537
0.1736036432712647
0.17434431797220337
0.17483751428833438
0.17538590890303976
0.17605019265558794
0.17670047785814896
0.177247467167106
0.17762078161231468
0.17839772800880238
0.178816052462947
0.17929969541891266
0.180081053669429
0.18142629447028025
0.1811751450371019
0.18158236142261422
0.1819545838346957
0.1823672751651421
0.1828226964676947
0.18317135932162062
0.18357292543479464
0.18426586839997305
0.1848955991775827
0.1850267296671949
0.18571894660457247
0.18622607197970792
0.18683292327166032
0.18752510177749887
0.18836645874067254
0.18888139926836622
0.1892822712752819
0.18961675084421645
0.19009846641881747
0.19045002053639093
0.19118544549334313
0.19164667519695533
0.19216391294864177
0.19267213991936244
0.19331264498099085
0.19393785862851085
0.1953283339353804
0.19432924973199386
0.19467101446943696
0.19501984217409196
0.19597043345482845
0.19617707501712042
0.19636141803048385
0.19680465697010702
0.19728551668824068
0.19801442738567518
0.19848637003465464
0.19906990816348816
0.19945296322895445
0.19973178961704768
0.20040345998262296
0.2010884521160032
0.20164069847197424
0.2026179187885176
0.2029960679144166
0.2035201148762253
0.2041561123469661
0.20426255808827587
0.2048601999663873
0.2053551666757615
0.20583179606752713
0.20682156284665626
0.20721452440006907
0.20757124841539085
0.2078803833364605
0.20820833861145052
0.2085525423024122
0.2087291304354542
0.20890049243212194
0.20911248049705863
0.20938139208795206
0.2096206966621692
0.20974144120767832
0.20998053956418977
0.21016960258976322
0.21072250731524728
0.2109470530968904
0.21099269538062485
0.21143685658327105
0.21168985802088203
0.21179605404217694
0.2119703741368118
0.21214871412902842
0.21242051062537526
0.21269488657487778
0.2128020708206067
0.21306225369927212
0.21330576119679484
0.21355463773612957
0.2138288060256272
0.21410374577401833
0.21454689572174931
0.21519228613939606
0.21535273611945457
0.21558574263145366
0.2160926354470916
0.21633137648574785
0.21663417844908509
0.2169301162320992
0.21775117164329974
0.21829316656857603
0.21885133675104684
0.21952921039115575
0.2202324749262925
0.22103576238497247
0.22100426488052752
0.22151703384840726
0.2219107036196167
0.22209354346415475
0.2222642464215496
0.22226744848842533
0.22284559995103045
0.22288794413578544
0.22307174730654578
0.2235554731892799
0.22381866614384008
0.22387146940678054
0.22413460924659265
0.22437965732757018
0.2249458437953642
0.22521066987170546
0.22548273290615795
0.22557941887239866
0.2257186735342988
0.22600868105633296
0.22628555669101216
0.22700371201747083
0.22710941641649804
0.22704405013752058
0.22770476359886044
0.2280733930356309
0.22845688570035919
0.22889658517862282
0.229402589261803
0.2302633473637531
0.2306280596071277
0.23132506823678198
0.23155596491452304
0.23180252634258136
0.23246405942333428
0.23290136855516727
0.2332623336686216
0.233664430228132
0.2337337904978745
0.23421598803421775
0.23454386283605855
0.23487145369103277
0.23534124490378347
0.23569089294445775
0.23653835966321138
0.23664871172146368
0.23715561683738876
0.23784905269022855
0.23825072969939376
0.23886405808509653
0.23957560798014765
0.24035111029173745
0.24048327753799387
0.24140804475224018
0.2418453186896701
0.24253960191774554
0.24343913773321446
0.2441793080776285
0.2447690163549919
0.24515686838758483
0.24552690351532222
0.24602953097716235
0.2470383390378096
0.24742190746063014
0.2482754253671882
0.24874725166653683
0.2491647284538256
0.24971382494737826
0.24991435985166086
0.2510951837479408
0.2510993427836645
0.25204432099949026
0.2527297543862897
0.252931171313316
0.25386409998769616
0.2543987371535866
0.25543637528866797
0.2561685874030765
0.2565556984921971
0.2574895690249475
0.2591325885656164
0.259039168381926
0.2594237654406376
0.25987680859322776
0.2602234713441064
0.2604491801642064
0.26046624950366626
0.2607139749294978
0.26136724120097843
0.26163075040680656
0.26244172544168887
0.2624108484939471
0.2627247040127106
0.2630728207281154
0.2632434154245798
0.2634248798563015
0.2634813225341391
0.2638307104319569
0.2643134623411068
0.26447873711813275
0.26548879561537125
0.26509848139186537
0.2660683758363181
0.2664039687763983
0.26794918872495704
0.26695940123817613
0.26745757864242314
0.2679621918728647
0.2686230314492279
0.2690396391765319
0.2693402278645075
0.2699841105298338
0.2702211264225545
0.27047573224963145
0.27030613804493503
0.27117671501162205
0.2715472419355574
0.2717012939247537
0.272546221584918
0.2728524663093632
0.27314092943544255
0.2735925229792651
0.27382626238686153
0.2741414119296646
0.27439859640572006
0.2746782942299545
0.2747572912065765
0.27499847160388885
0.27559592640285685
0.2760795355889087
0.2763164239550374
0.27632045516157894
0.27658431868515393
0.2768126507105957
0.2772823463843991
0.2776715379875859
0.2777000963282971
0.27910054371417764
0.2793254540804143
0.27892176457751416
0.2793114385859389
0.27999783251731275
0.2798649371816225
0.2803319135844624
0.2803535740009741
0.2808333781464996
0.28085984350326004
0.28246736563366287
0.2819461663520679
0.28228424354172804
0.28256715476850974
0.2827140584417098
0.2832515726691186
0.2837349913289893
0.2838698910877131
0.2843796394325731
0.28489100550402313
0.28543903916728236
0.2854524737818373
0.2862641314260516
0.2862162613966714
0.2864318723692487
0.28700684266796517
0.28726972271985474
0.2875317948105964
0.28798511721623793
0.287971438234993
0.28819454883651385
0.28836837760627676
0.28886310949550004
0.28934380023798306
0.28972531611276814
0.2897276927254131
0.2903021888186842
0.29073511796827023
0.2909811086032539
0.291584553765676
0.2921769940760368
0.2922919899663884
0.2929426376154541
0.29336265954910795
0.2936710136716125
0.2949722952096889
0.2944397145694564
0.29440783670590154
0.29458117065343503
0.29470124324278496
0.2950223794125033
0.2950975464741491
0.29506456144507437
0.2952312363951123
0.29519289733302645
0.2953867662911367
0.295464250543393
0.29560092878647287
0.295976469631263
0.2964992244851846
0.2963641464042038
0.29695397774182897
0.296751889174628
0.296880437191887
0.2972952488811802
0.2974135176719541
0.297350596190488
0.2974762280918813
0.2976168693710704
0.29779548881990414
0.298337473013644
0.29851167129295386
0.2986503247151149
0.29862336309822896
0.29880223202732437
0.29895235181665447
0.299086533992273
0.2992934279900575
0.2998939212241662
0.3000674767064125
0.30022496521395997
0.3006810091197453
0.30094752115013285
0.30110846442295375
0.30143845468009517
0.30168042615537327
0.301745527933132
0.3020345498760395
0.3022679973031337
0.30241958314450185
0.30246870919636565
0.3023906769203725
0.3025360291543502
0.3029142918737869
0.30301128251157045
0.3031050769671997
0.30321473559608036
0.30345698161266743
0.30364597535628574
0.3041305244119407
0.304339999734726
0.30468829840815936
0.30497314449732676
0.3052596815051888
0.3054402880506801
0.30608032917456246
0.30698960419753063
0.30711800825744756
0.3072738156916938
0.3072469939328455
0.30754975787989575
0.3076711271872843
0.3078526076127855
0.3079230444753259
0.3078404335747089
0.3080308800147631
0.30839085174350983
0.30864700142335433
0.3091389935669772
0.30921264028116446
0.3093993729721014
0.30955904369426557
0.30976950081236354
0.3097831999246819
0.3109009627000539
0.3109610325837382
0.311569016861682
0.311761744886643
0.31215362561424126
0.31227122072766783
0.31277626700255495
0.313243261885248
0.3135152271876104
0.3138514863653061
0.3141204385752055
0.31463847957925545
0.3148535187802485
0.3149256889304162
0.31509074630188066
0.31594159319085313
0.3167424937945191
0.31653753945581375
0.31689148628356756
0.31677102172729404
0.31686024060889556
0.31708025281119884
0.3171877348409755
0.3173984218733447
0.3179009060939175
0.31841537299444345
0.3188118914800412
0.3190742679254852
0.3193587572611353
0.3196895256971748
0.31994358869482403
0.3202248117851886
0.32053160364299205
0.32094761786792564
0.32121424268084825
0.32149786990610013
0.3218167803433349
0.3218346956391748
0.3221555886269817
0.3224347457272458
0.32259597402442836
0.32285055823900927
0.3230744302778735
0.3231577546024509
0.32442083482125605
0.324454559273509
0.32448761474938714
0.3240571492540776
0.3238356116029513
0.32487546774160886
0.3240737691174778
0.32396920908644056
0.32417840690181027
0.3241538913264786
0.3241556513257135
0.3242512877722394
0.32437526940997763
0.32440529652210975
0.32464362833925164
0.32483201076051205
0.3246555917179569
0.32482486263792715
0.3251663244349361
0.3251827450603014
0.3253583280254112
0.3254093804613224
0.3255698106033117
0.325442778670929
0.325690817879792
0.32564584938994073
0.32598372611503473
0.3259446038755432
0.3259833347269933
0.3262718086981935
0.32636125795041554
0.3264963783127435
0.3262772734798142
0.3264167815670001
0.3264352970522273
0.32627053715987214
0.3264003664613172
0.3267931444627392
0.3266452684448323
0.3269899433043957
0.3270757947434244
0.3268596223561237
0.3270279906085826
0.326995009256271
0.3271211494768314
0.327086295167669
0.32702943570560383
0.3271446122220436
0.3269442890234259
0.32695504363332584
0.32692791457467796
0.3270448865663328
0.3270195886562314
0.3269857585719672
0.3271733088832355
0.3273572806365615
0.32712596026222873
0.3269435820695366
0.32702478494929077
0.3269755726890858
0.3271079220053718
0.3271422761449349
0.3270172223586507
0.3271590182037119
0.32731043348213706
0.3274138847322134
0.32775652108970327
0.32793046479617516
0.3275901350202124
0.3277675231048293
0.3279276003190261
0.3280796894181058
0.3279726582862762
0.3280259575019323
0.32818629429810464
0.3282081300532582
0.32860361871273014
0.3288144831235164
0.3289560882299451
0.3289880946917992
0.32883217383346797
0.3289644387731014
0.3291088849879873
0.3296874386619337
0.33054417082381055
0.3323215472308275
0.3338780540706389
0.3354602505130912
0.3366346039356049
0.3383749907920436
0.3391410787656601
0.3399126262022103
0.340750948227352
0.3418588811384893
0.3427965395285887
0.3440382607195821
0.3446972245456657
0.34558899489474826
0.34682935902028755
0.3485696533641119
0.3501587492059148
0.3506252036600565
0.34975194743576027
0.3498648420376531
0.34974024271781967
0.3497506868177706
0.34949645957221
0.3495631814500128
0.3496834570826396
0.3496549061244254
0.34962622780152935
0.3493616676889405
0.3496043439060843
0.34924137551952594
0.3489308885529949
0.3487980063334855
0.348536393210566
0.3484292407304308
0.3479695905003164
0.347590145662167
0.3471810536452263
0.34635231133489414
0.34550178521861197
0.34551625237575956
0.34144294194276986
0.3396395008552335
0.3377896155241329
0.3364464029903956
0.33559779621047353
0.3348550102674951
0.3340418228240303
0.33408206711669947
0.33477716261011314
0.3368597247855485
0.3354563885427849
0.33572652143745674
0.33606643473508424
0.3360185517579033
0.336694487067484
0.33791002131676284
0.3368940583371345
0.3370647679097095
0.3368404341827009
0.33673482737193566
0.3370368851579895
0.3371042138130396
0.3367621991124252
0.33695464236046024
0.3367957170155271
0.33721011055121825
0.3370086045383895
0.3372818024063271
0.3369387439387837
0.3372470743598292
0.33718585755732977
0.33729006202462036
0.3373383606392751
0.33720028122915663
0.3373308163227502
0.3376061187381437
0.3374674869045492
0.33745670781993664
0.33747602906861635
0.33763465932719844
0.33763328349184835
0.3375924785130927
0.33743776884399673
0.33756796648050624
0.3377834342136476
0.3388494131540956
0.3385277485019765
0.33697465220933176
0.33761128648874444
0.33735413950161497
0.33733006808496857
0.3375760435263761
0.33713099962215576
0.3369592278730763
0.33666654494184023
0.33632630428643717
0.3363367321826597
0.33601443041667267
0.3360887570041832
0.3357391199696385
0.33572733877686584
0.33586551643944645
0.33527514020064664
0.33526064638352854
0.3351096879157064
0.33492528487978
0.33463945926278355
0.33456321092121183
0.334793114791755
0.33482310940987775
0.33500717544963843
0.3349423693778363
0.33500454719897726
0.33498495554317964
0.3349677165136802
0.3351449865190115
0.3350622366824194
0.3348530943359287
0.3350280230589334
0.3352840647067199
0.3362076372924502
0.334719346454263
0.33505359086237985
0.33484157876658976
0.33474115876280713
0.33480463662981125
0.33476947007096014
0.3347544706011585
0.33474066428991983
0.3345675687915083
0.3346287764589747
0.3344152419103261
0.3347444116514784
0.3351515380228615
0.33456446408479124
0.3331384777204252
0.33252418712975573
0.3335846057571367
0.3318215583416572
0.3318906651244982
0.3318051510281051
0.33175289591806634
0.33160107930135996
0.3317687404625837
0.33185516355382894
0.3318362852452281
0.3316970762140625
0.33199299457204595
0.3316574589805431
0.33206891725921034
0.3318363872178871
0.3320824535123446
0.3319935702116349
0.331839911599786
0.33182324742818237
0.33149368119713213
0.3314488435396287
0.33147497708071433
0.33098590340918
0.33127261410659353
0.33144155391194524
0.3313276427333668
0.3313185720179504
0.33116979188621104
0.33100084282402537
0.3310404034096442
0.3311227672126697
0.3311772966857776
0.3310909764115846
0.33085217032108943
0.33127305993261874
0.33122130764759566
0.3310243783633626
0.3307944520240314
0.3307144507445994
0.3308926707182467
0.3305432036978649
0.3318671749596135
0.33088654772049214
0.32998366840241056
0.3307009772173413
0.3300836103594205
0.32943377589880735
0.32939486344746005
0.3294439835197607
0.32899044787790366
0.3286059691861358
0.3285156340079893
0.32788697966438973
0.32788963914603353
0.32762101228906026
0.32703497064089965
0.3262877152229446
0.32642882029147036
0.32622693208851716
0.32588341369469076
0.32504032198422744
0.3248699889079366
0.3252026758292514
0.3242043241548709
0.32411403304517583
0.32365137790952875
0.32303363362654014
0.32293984477368726
0.3228217452108876
0.322859316439152
0.32239689234913915
0.3219599538628103
0.32190035397647315
0.32163518346479586
0.32101033407432433
0.3206082517101739
0.32034405422846024
0.3203732382511543
0.3203861236558081
0.32020091720478944
0.32000423073157996
0.3197127969083578
0.31945246020905244
0.3192931091155526
0.3192210885838432
0.31928648246598484
0.31936280356358626
0.31935010003872116
0.319356660729748
0.31967677647151943
0.3201659256303723
0.3187873385791823
0.3179792899382709
0.318173140732965
0.31805697449628567
0.3183675480988425
0.31774161679652435
0.3180900494790781
0.3175127721747781
0.318106947396004
0.3170663217900072
0.31664058537852513
0.31644777294668575
0.31620130472083086
0.31558286991344325
0.31582220545794976
0.31601941184495513
0.31545909726435095
0.3151351254089837
0.31495796722947544
0.31489643026651737
0.3149178466479523
0.3146668845490772
0.3138306527706452
0.313769985946428
0.3136004913836551
0.31318716126945095
0.31305737065156686
0.31281688258497126
0.31229927300755717
0.3119667819894368
0.3117278342417401
0.31126544227752234
0.3110627642791922
0.3111346682651266
0.31088544087377157
0.3103382752809321
0.3103029458566411
0.31022935738188206
0.3096541034017848
0.30912841207112784
0.30886616780217957
0.3088059874318372
0.3082809643540804
0.30852120518083515
0.307427975234163
0.30762933197463227
0.3083983234222725
0.309423639399139
0.30878559366615516
0.3095688599764936
0.30926190320089486
0.3090677209807637
0.30912243943700246
0.3074576803734974
0.3057935578082282
0.30435788835935274
0.3029722458471183
0.3022529497244916
0.3010736346638066
0.2996364271732264
0.29893581934427066
0.2982639081525948
0.29713085693612334
0.29574364829044386
0.2945209517342504
0.2933219863264203
0.29283428932106065
0.2921573266924699
0.29091865291683855
0.2912243155692134
0.2894433692321062
0.28821968644903084
0.28766864024564653
0.2866302511435258
0.28646178252798743
0.28555120029711384
0.2848729152934896
0.28312422371805024
0.2820735177375972
0.2813112964106252
0.2792751871471651
0.27837899152819423
0.27783878846308757
0.2775905454411937
0.2769721977028456
0.2769721977028456
0.2755615805917557
0.27464538416671586
0.2735352511375199
0.2732218850911506
0.2728558176469078
0.2730213991746728
0.2723551007407028
0.2716811158230507
0.2715302651855112
0.2705209723979912
0.2700347394736677
0.2693534694590475
0.26996598904576535
0.26958488908661227
0.2689149698466093
0.2669269136368091
0.26576266964708756
0.26492374744472547
0.26434968682419513
0.26344386984208523
0.26260887292300467
0.2620914307749259
0.26095917279763287
0.26040873465857856
0.2591389126661572
0.25875855985845875
0.2577782912692913
0.2564399729297832
0.2554133731018039
0.2546109600271943
0.25313990170287387
0.25225919562756793
0.2513359790475972
0.24992232674335585
0.2499242345190763
0.24860010956380152
0.24623236791900832
0.24550384316316795
0.2437651207566153
0.24205957705691591
0.24037697650742482
0.23888162051153852
0.23730489290315884
0.23569038921781693
0.23386831386789242
0.2323388832053374
0.2309267795325324
0.2292540957929998
0.22903407424314817
0.22703307204100057
0.2259631387366615
0.22459444394566863
0.22367717171705898
0.22273187951329496
0.2216134715482472
0.22025690971567005
0.2196444223484777
0.21885013942723183
0.21766493429336858
0.2170141005720594
0.21529152566460774
0.2145832456350498
0.21359370494747404
0.21285899328744365
0.2134791237950452
0.21150740249417882
0.21056253495019872
0.20960783797504504
0.2093301721853247
0.20898425221052924
0.20864317519400755
0.2079514067663806
0.20744374940162064
0.20659750718203534
0.20605364501367338
0.2049080838888828
0.20394838244542352
0.20303756206271145
0.20232163016098248
0.201359074994476
0.20207111433590658
0.20115609540977678
0.20034245181880403
0.1996152342313867
0.19923917086871717
0.19819480116376653
0.1978259220999526
0.19728138081582378
0.19633534285446255
0.1952457544326281
0.19382086699890114
0.19315412137489155
0.19255427061446237
0.19151540240355983
0.1907413443204105
0.1898711245128203
0.18915907656384356
0.1886205343752101
0.18823648333032794
0.18742625634129953
0.18677001624953618
0.1864154533060243
0.18580767006319443
0.18484792668850003
0.18405812753977974
0.18326675627361375
0.18213411319263167
0.1813220296337683
0.17952269006661697
0.17801859811245588
0.17656804968531004
0.17567871879805683
0.17474115496482123
0.17525164780167354
0.1734521214045379
0.17261558329289634
0.1718468305726273
0.17129019903597562
0.17063574153982114
0.1696784761210557
0.16908572385705337
0.16853332948706948
0.16774842681813806
0.16647352407852486
0.165733514408544
0.1631863244710609
0.16094527512536924
0.15980685761913907
0.15830868123588956
0.1571445993612939
0.15571755438957907
0.15463114998737096
0.15362988552191317
0.15269528192165177
0.15204469490453626
0.15041478253665838
0.14971584063870294
0.14902242656206832
0.1480257492237927
0.14591764735893833
0.1445121104772491
0.14323473678825224
0.14192735309418966
0.14023368737231448
0.13932835240072716
0.13752221633701778
0.13651501181840192
0.1344286124070565
0.13325842125425996
0.13183053684088597
0.13046040226142142
0.12909436986331613
0.12797841062344675
0.1271837596108235
0.12626995138462557
0.12485170753087263
0.12451425747304852
0.12393763130943684
0.12301241907776424
0.12201061373127203
0.12085840210017829
0.12051407620135052
0.11991383602305887
0.11925397637395851
0.11829127219228414
0.11803415371667468
0.11730282595716601
0.11656192578146796
0.11587715947815433
0.11511978106363692
0.11429374889134446
0.11341743861634634
0.11236374130520788
0.11135040276222063
0.11062789586183418
0.10941423567839391
0.10870157242423872
0.10814212770785898
0.1073833382665178
0.106779447118305
0.10584583208274366
0.10490017729377889
0.10327086818452394
0.10366231507872017
0.10229205361583014
0.10208690837267226
0.10072238778828745
0.09999325870159659
0.09854768709455448
0.09823675561559568
0.09773600101827178
0.0974582121119502
0.09605926242889919
0.09576285400579157
0.09563165402738846
0.09418633451378279
0.09413660731784876
0.09345289196067552
0.09217248482770633
0.09161190392422526
0.09034430163023037
0.08993651782876573
0.08949263361867021
0.08889528706655496
0.0886081524269354
0.08860525716762456
0.08807590405232969
0.08772634177913406
0.08668615275806596
0.08650571783818993
0.08543394536492084
0.08481326408243316
0.08452007166689852
0.08390662851770765
0.08334396906148152
0.08274981857123014
0.08232743728113089
0.08220888638791934
0.08180386311718174
0.08113081099996534
0.08096325529773818
0.08036272401367368
0.07994585461300728
0.0794232608492458
0.07859679309413396
0.07803197789365698
0.0764179427750847
0.07532778529945733
0.07433816336773581
0.07320824098176136
0.07238524698512434
0.07130235907919848
0.0709518875980352
0.06974838248466257
0.06878375685948425
0.06806481978152965
0.06700839999149591
0.06637360559055916
0.06549760296894312
0.06462706864341805
0.06433857387929753
0.06373945684912187
0.0634490430362102
0.06298957684095395
0.06182367405062176
0.06057861524981303
0.05896353923465271
0.05788177274265092
0.05520799586354578
0.05337694454348947
0.05203233787314153
0.05028122048525292
0.04865414562941457
0.047921265731981876
0.04662212760596971
0.04572148828827853
0.04493521380837474
0.044111792457133765
0.04316447204805476
0.04213773441281848
0.040741174032189256
0.03974140360796042
0.03922401098844714
0.038282145072651944
0.0373746251878632
0.03644338587645205
0.03546897808045815
0.03415774160235948
0.03274121396265543
0.031740629942958024
0.029108722731240353
0.027338280775984766
0.026207087084043363
0.024197933906266948
0.02305870875597736
0.02172846064060049
0.020269869814749913
0.018981291009601213
0.018032117049064347
0.016805224959286547
0.014507393658824775
0.012755229261623756
0.011356936682816995
0.009763000052869687
0.008605994079314377
0.008293967901504795
0.007660399343715136
0.004660307366588051
0.0033335625734155533
0.003367617607345888
0.00446471305143385
0.005204144700792285
0.0047458101994311535
0.00464100666646279
0.005502245955390649
0.007210617421201189
0.007975387954992225
0.008277312402895658
0.008786049454131148
0.008769089988322803
0.00892158067595361
0.009032469041703586
0.010460729447749832
0.010460729447749832
0.012084441084429444
0.012084441084429444
0.015307987389242744
0.01538567832713419
0.01646375333133458
0.016405477923751438
0.01659486933710662
0.01888075158096237
0.01982570830030029
0.020728712016505845
0.021200348686944332
0.021920123921140226
0.022584548107728933
0.023358515986240433
0.02373218720717813
0.023431828458188277
0.02490058763007349
0.025104976323214085
0.025038469766435006
0.02510558589894037
0.02514313180674218
0.02511625106627605
0.025144688212599953
0.02477139497367197
0.024838038224605685
0.024992929241679684
0.02487809032771851
0.025093709690433764
0.02497592512599936
0.024986480266538894
0.02516909288276219
0.02622617983762401
0.026499532396343336
0.026908437334735896
0.027605449953951672
0.028362286657282604
0.02838218445258151
0.030698691437591758
0.031614028770029404
0.03304310291875843
0.03440463397838723
0.035939992527708395
0.03764376069013187
0.03879643614699269
0.04047549496628019
0.04168374481458713
0.04168374481458713
0.04433824918920164
0.04533283992091115
0.04695124624311701
0.04824920955929906
0.050515970353008165
0.050758378397983944
0.05241287588507938
0.05393978734825786
0.055282438705175796
0.056864148630173805
0.05809255379573768
0.05903900152271453
0.059486028938645484
0.06101474553658937
0.06207029643993667
0.06336620558204821
0.0646008204594536
0.06564385778928956
0.06652051939085965
0.06723965484262938
0.06784560794606831
0.06871111945563986
0.06869162476951685
0.06966543931172231
0.07020260787194331
0.07109272943600099
0.07210051534301697
0.07282579505128818
0.0749024306444527
0.0765112546917068
0.07797512001143411
0.07922119451034576
0.08137671438540471
0.08316442966143436
0.0840011998047089
0.08580883857118746
0.08706869845972257
0.0879484207425304
0.08961926204307089
0.09088892013730317
0.09184231829136193
0.09337553216263998
0.09415682579200178
0.09482671194037752
0.09523291047814902
0.09528970654556662
0.09604279064959292
0.09696635232106514
0.09768251253360886
0.09794184358016361
0.09850522341961662
0.09967708299994076
0.10079607035032666
0.10195595460589327
0.10295012581903352
0.10454904812948362
0.10552297800600194
0.10684116546894497
0.10808316547132382
0.10875922812297223
0.11008636938118431
0.11112564172348054
0.11201826389920125
0.11325446728286581
0.11429471696266275
0.1153607614714798
0.11630050254647654
0.1180990428686696
0.11951339003986614
0.12071595997316167
0.12174114709674788
0.12341735725183949
0.12474202748769557
0.12614729935158306
0.12720055885631482
0.12863130996272265
0.1301250444463081
0.13213074112784304
0.1323085721084997
0.13379986910794162
0.13490681239061653
0.1354980340305089
0.13614700122146808
0.13767656022781047
0.13876095658490675
0.13985539401605981
0.1403039603343311
0.14175907526902318
0.14284893213427236
0.14384374925777713
0.1451284590930483
0.14662947849086624
0.14843612102892906
0.15048979491086248
0.15117245388397058
0.15375798136803823
0.1546379173740799
0.15657303975522047
0.1580204765445877
0.15931905484007083
0.16029081512731996
0.16167962080680126
0.16256135061154095
0.1640293191583817
0.16495347222002185
0.16530375123288524
0.1664646381827722
0.1672658780556719
0.1685123607477657
0.16934170604668455
0.1703984189879395
0.17121237114120652
0.17191232247588345
0.17321672554610515
0.17413459373357146
0.1750882993508152
0.17550168197699959
0.17604247182088362
0.1764514349999716
0.17665268067702802
0.17697825271826823
0.1771495414528535
0.1778934721799754
0.17862380347941406
0.17971194163020912
0.18048230868460916
0.18156144474964606
0.18304195906813062
0.18455803649221195
0.18592059683419937
0.18676940154903912
0.18761056713479918
0.18909863632768534
0.18940367009324147
0.1911570689906739
0.19192566336802033
0.19554683294586464
0.19791464880387374
0.2035736380530029
0.20861994345135504
0.2123665023193993
0.21837241085692122
0.2244505515653583
0.22952239134381136
0.23515257756684418
0.23990576675345507
0.2443919752118264
0.25262076894821567
0.25915702024281095
0.26446844882985565
0.27385742816034603
0.279366134919461
0.2891229863103798
0.2927723077621311
0.3120249560217701
0.31815186756647745
0.32384475188962236
0.3299635212710034
0.3361827652189055
0.3437525347184273
0.3518224032942598
0.35913246139822425
0.36284090362762794
0.367641512155624
0.37123232944723206
0.3760063358575692
0.37999595385912815
0.3874915946393858
0.3940660363064244
0.39937804116009556
0.4055823656594656
0.4125493991692708
0.4159938897624911
0.41961015800734075
0.42796413715807435
0.4330336505319008
0.4387385235570216
0.44495433026241815
