0.04733551298491846
0.04629237101271439
0.04723147656563989
0.04720675158920067
0.04723463288764836
0.04716349615775127
0.04613468732872003
0.04715005788650093
0.04625820140676536
0.04715460076291723
0.04714946720867183
0.04710772751684473
0.04707558561849582
0.047022341789897344
0.04703700844193027
0.047066291909092485
0.04712640036292885
0.04709077257481686
0.047054637486010284
0.04615567502898407
0.047158561315127245
0.04710771744613777
0.04621240902626766
0.047096595375066226
0.04711559489060376
0.0471095908275566
0.047049474050464724
0.04707888185088963
0.047066694021253644
0.04702111754335335
0.0470239156198434
0.047067996228043175
0.047083746730410235
0.047017682675651075
0.047096604281932464
0.0473275372069491
0.04732398720569114
0.04710138659481206
0.047064956242333485
0.04703693235291721
0.04699387991639779
0.04699591825613453
0.04696350183327154
0.046868600804891865
0.04686053950073235
0.04684833272445136
0.045612001047464074
0.04558208401778999
0.046406119719731555
0.04570083149370512
0.045564799539404836
0.04483002517733569
0.044420690954689375
0.04388348073335002
0.04241917215612481
0.04225114596062478
0.041471342652535624
0.04075223381303087
0.040404854068119014
0.03985595667629915
0.03882910707464173
0.03872042692685821
0.03834160160828094
0.03889612214301154
0.03690671855491495
0.038253396760165266
0.03728251857867085
0.03721704500603614
0.037208905919701774
0.03761962746158969
0.0378421178021409
0.0377128631081001
0.03796852136046509
0.03736346925394924
0.037518895701368384
0.03724146415414276
0.03651207201172046
0.03627077578026255
0.03626230635163123
0.03631247955105399
0.035864340215188
0.035672440637008467
0.036088228282609346
0.036522618139261526
0.038152977032219745
0.03768135352913718
0.037789695074010296
0.03871764729547905
0.03849391118375243
0.03784468461605263
0.03746759784172682
0.03681322699507204
0.03690476225697392
0.03687158822364074
0.036905978131744975
0.0376899314643229
0.037914447356327804
0.037326591199117576
0.037636820757824235
0.03783437883132005
0.03787635371336823
0.0380869486351759
0.03889215998591575
0.03916366900758923
0.038269430518778444
0.038294324142007494
0.03826838017196378
0.03807380804360883
0.038230666546218935
0.038478463104737376
0.03818108621564398
0.03791419770633589
0.03784033657583763
0.03746161877175844
0.037451116879488856
0.037356574102554205
0.03642911765345761
0.03657181858837237
0.03663111813381287
0.03665153185311125
0.037274807651722024
0.03691900561772114
0.03715886070218709
0.037271620816383744
0.03772701481833911
0.03820212089001945
0.03874692723608443
0.03825319908712941
0.03805675278040403
0.03802624449884297
0.03758790358190997
0.037554009274854375
0.03769689253845109
0.037676012721495546
0.03766427127339418
0.03769153486095061
0.03758335352210912
0.03712598556117835
0.037201594755527916
0.03832010030388779
0.03834545847518432
0.03849057589506488
0.0387249959618979
0.038648798535674
0.03849574830118237
0.03833845968866754
0.03828870353732504
0.03823229142006515
0.03831011550935351
0.0383620281951606
0.03852840407297766
0.03857412152982125
0.03856693641702201
0.03838193314018102
0.03825958793729642
0.0382444277170366
0.038562888428821114
0.03858885207778582
0.038593093980008014
0.038516183753231854
0.038438084800479236
0.0381451265380108
0.038048958335266926
0.038079605494271904
0.03769348907350489
0.03758154260618082
0.03767633859196892
0.037976802366226976
0.03798469265574531
0.03804637096823692
0.03796961782307726
0.03772056276712506
0.03785218207679345
0.037682260033542546
0.03666243003734182
0.0371353630047378
0.036961195237852865
0.036793527491839076
0.03666861429444805
0.03685679286151385
0.03689847629538122
0.03706854085712913
0.03680030413610399
0.03688585471186292
0.0367940776134923
0.037410888995119934
0.037215328014352934
0.03753513649834911
0.03782463530661313
0.037277944402825704
0.03737504400746416
0.037660536052978165
0.03766972341587471
0.037898366597613115
0.03844908522233357
0.038224721888070745
0.03868271708410904
0.03862737150625072
0.0379162241903045
0.03739452208397426
0.03690564771633884
0.03688291580958236
0.03759771695997436
0.037258533899079196
0.0373291960971721
0.037739675504864
0.03845284008538107
0.03826809283934047
0.03833682300772133
0.03747485408164115
0.03754049448956001
0.03762468840704615
0.03763808429705809
0.037367492917515566
0.03699184254578635
0.0368804108317027
0.03690096742307362
0.036974502695922035
0.03716086006987879
0.03736509355241277
0.03816168081706948
0.038439625645165475
0.03870841125692558
0.03837489426030791
0.038368691650947
0.03804306250646812
0.03815959206853211
0.03821470532813445
0.038067672996717636
0.03817571355284439
0.03813682127249599
0.03811037886306897
0.03771718062362535
0.03748318354080133
0.0367029396663985
0.03665662919435327
0.036835156733439546
0.03699864901193972
0.03725183842568438
0.03734744120599498
0.0375169865332206
0.037547596407841395
0.03848810702529142
0.03817505484066332
0.038646539944992876
0.03830074070733766
0.0381158173496571
0.03709978240980661
0.03708828272457011
0.036882926117030236
0.03705667172764613
0.036950617839794815
0.037833112217928906
0.037798269568183315
0.037054185713396824
0.03684469826512208
0.036946488003677204
0.03716000296949173
0.0379628573540656
0.03714780315048246
0.03722464985235024
0.03672938612482935
0.036168444380719936
0.035884924123003814
0.0356239113321481
0.036159305185685386
0.03616025476050034
0.0362176707110377
0.036440137607402
0.03601543570005278
0.036212095295989954
0.03649838539886854
0.036693507793209255
0.03657636957646657
0.03675791014524453
0.03679211430964276
0.03761917359414608
0.03672051665044787
0.03667331014700693
0.03654789710221694
0.037193998020152025
0.03710458951009853
0.03704083002528132
0.03655707564098008
0.036530041452975164
0.036399722281040554
0.03691274687317063
0.03723506214579454
0.03732518448303275
0.037405894122673956
0.037428782215154506
0.036648480647801254
0.03663468959848823
0.036569835441412554
0.0365795213395692
0.03661428760975256
0.036550666969240954
0.03656876820314062
0.03646305212634286
0.03638932425826052
0.03622254849486574
0.03617342705739701
0.03610201059911304
0.0361160002718056
0.03596027963166051
0.036771815357502714
0.03644717526536908
0.0363177617371612
0.03567933447895454
0.03607510695429947
0.03616347000180132
0.03570833063340448
0.03585274810572642
0.035659257680624244
0.03543023503841767
0.03507764726711515
0.0348590546883257
0.03426454004558125
0.034106959553024334
0.03363990177933
0.03343236088881522
0.033322989031168364
0.03383115266521729
0.03367761072216391
0.03353902601760789
0.0334369392291171
0.03273781753528764
0.032680541907438306
0.03289598937084883
0.03264247868280443
0.03255516540657468
0.033172891433829226
0.03273232244204248
0.03289426401303094
0.03307682902261118
0.03293674009770004
0.03346405976581448
0.033268691709425244
0.03318048614528809
0.03226930648510862
0.03172051685255917
0.031249654979063356
0.030868689794874917
0.03086487736688733
0.030258691191912
0.03030095248613405
0.03051813317429526
0.030035634957051197
0.030833490410832737
0.03091319149785348
0.030976168271838633
0.03008571561102608
0.03027912304301812
0.02987563113551847
0.029616575965968096
0.02944556940208522
0.029273736031121694
0.029559087208615387
0.029559528988565904
0.02953989980636198
0.029559636632201656
0.029631969195487454
0.029225974004113173
0.02901118705922762
0.028939162612802875
0.028811269608496046
0.02893489991003913
0.028787550711780987
0.02804484938453231
0.028008869770341303
0.028120667317779412
0.028160318844981925
0.028179144533170497
0.028231230521794718
0.028781536952042722
0.028004680890882573
0.02797221163574184
0.02792970174753234
0.0278899197493285
0.027887949829764124
0.02769768100770045
0.02759253400851543
0.02756002477858797
0.027242658921287667
0.027379724177637114
0.02707740437651824
0.027796208872805032
0.027673961781024627
0.027541973112547836
0.027482498808044903
0.02674444211869759
0.026498823541747776
0.02655433825652367
0.026592408365636956
0.026658244991163434
0.027717537418156784
0.02856823161799474
0.029650464342074044
0.02887690166600755
0.026837814694651005
0.02673375431949436
0.026188830809542287
0.02615994838034752
0.025962129805210926
0.02587617581000188
0.024862917734278074
0.024851147555935284
0.025316142515084218
0.02582473153647148
0.02507107272078488
0.02441346315193289
0.023738798198749987
0.022936148936147753
0.022831485152451324
0.022859047138022635
0.023343541365083525
0.02335609412647686
0.02337511047797875
0.023364648335515322
0.0235463035218601
0.023232653077562063
0.02244563288179522
0.0223526920339933
0.021787708656978197
0.02162869264148305
0.021696736305270782
0.0217267928585502
0.021608734780088828
0.02150146987500112
0.021660947735129714
0.02162531721164694
0.021614589330100794
0.021374541211245008
0.021316789581110003
0.021179659397227383
0.021101200500508833
0.021138312804656525
0.021134568132453242
0.02110600554986848
0.02112593650453282
0.021095631544799393
0.021150712335766073
0.020836961777006578
0.020729794971648098
0.021405706637999403
0.02132200808900203
0.019659908983791125
0.019391862468212236
0.019145652102933744
0.01903312853567623
0.018932819379965764
0.01888722370550233
0.019109517589454242
0.018823873933240573
0.018805839405882326
0.01879272569874486
0.018806815943448303
0.017784820812653316
0.017848447491944506
0.017846393513157012
0.018631221795541164
0.01854969019957572
0.018430835377985497
0.01737001139243522
0.01726902969553357
0.017213451092655114
0.01667359284420354
0.01666213607216723
0.01664079909303975
0.016502860416873055
0.016447235511950455
0.01657203814516976
0.01707609816833034
0.01690565365838508
0.01685546748199091
0.016529912294496577
0.017358252231033038
0.017229242777645933
0.016120653705438893
0.016052430733696187
0.016301105530252526
0.016277354406234675
0.016363359534277998
0.01633188897282434
0.01627173969265924
0.016259201660774682
0.01624684297302453
0.01620601380260066
0.01613808161671571
0.016091153277924316
0.016047617787446435
0.015967774058876973
0.01605815661205844
0.016034606869555587
0.015974504046546302
0.01659562023375923
0.015728529353977963
0.016342988958189208
0.01624793255940654
0.01607030461300207
0.015093612030146045
0.015166915540439481
0.015199791586192595
0.01494445525528524
0.014618637535089308
0.014392754096859054
0.01436519419028376
0.014447523205948337
0.014408410770529415
0.014431129997767165
0.014434838366239799
0.01445134660706551
0.014426977517578246
0.014425515000701508
0.0144057750705061
0.01437547642542403
0.01439977780346495
0.01437383037629298
0.014567792528776683
0.014627628220840516
0.014625055474030674
0.014950173555201953
0.015614618421798778
0.015622823807801443
0.01551333791066476
0.015599307225911739
0.015632874963707116
0.014743178262928418
0.014916659453728175
0.014817465001700905
0.014781525448542651
0.014345783534938296
0.014068861895796486
0.013689262190001631
0.013488644407376413
0.01326768495873862
0.013207996103588067
0.01301056737313236
0.01303883293270858
0.013017925108687496
0.012977517698616183
0.01300105976202526
0.013024622854299886
0.012949117725268463
0.012980713885564142
0.013002932283571035
0.01304772102072294
0.013048673653092185
0.013040175780788706
0.013054251590961397
0.013070402940956865
0.013063845114219746
0.013014880356816423
0.013017776479078954
0.013038614678827233
0.01306353491544125
0.013109740126349034
0.013086852341046104
0.013210251064553107
0.013151873937228472
0.013002424792255387
0.012865157375375478
0.013473082493775814
0.013304964456911319
0.013103743985969871
0.012894010632632746
0.012792374808795757
0.012762069805845242
0.011994824607210918
0.01188779603891787
0.011867629934840073
0.011989827401553405
0.011954290062431887
0.012150271657558297
0.012405764255811077
0.012848448336320293
0.013002096336632015
0.013258567633646402
0.012748984737019197
0.01223292347816029
0.01163869081799363
0.012188693041653074
0.012101936499849772
0.011880233058112873
0.011885542419417243
0.011830387863607822
0.010513454601627571
0.010027870182972624
0.00999231829041559
0.010177248818669115
0.010091291077164137
0.010195282199480106
0.010313716713934216
0.010064805608814304
0.009867691338132976
0.00996464044512477
0.010923940167572564
0.011328943985528054
0.010842433342575581
0.00983520004605994
0.00983405056302669
0.010107935858361247
0.010392685472112632
0.010810955180790869
0.01075630166459229
0.01016862837248351
0.00970316431049511
0.00957010479918075
0.009998642930798048
0.009225686336618941
0.009724086246007839
0.009945137366630044
0.009453320267379951
0.009756182502401662
0.010600473693810666
0.010488180799892997
0.009953398736527579
0.009820127383286989
0.009689390780146802
0.009739266293293658
0.0099452793073392
0.010138501286923252
0.009657624947555283
0.009298558709822232
0.009107665116562266
0.008948357689398613
0.009249647243409653
0.008980406885702988
0.008342025865474658
0.008106847000128982
0.008403506320897583
0.00845662846259405
0.00865416033782785
0.007531156757296091
0.007024556799898998
0.00684861758863787
0.007023890125101245
0.007861122494610585
0.007633872003540805
0.005734863461770067
0.00570568766214503
0.0053304093522546035
0.0064372651159279315
0.005472697815387214
0.005277969824019238
0.0059103658914178275
0.005913593237676908
0.005206275670623039
0.005088490328195891
0.006292341040431759
0.006322755860657865
0.006109588412671197
0.005416402804288513
0.004387590390977498
0.004145711421185854
0.00403561967788685
0.0032170414985360388
0.0028664881046407222
0.0029289110287794816
0.0028507567738031542
0.002981339168614441
0.003890956124114366
0.004579750932301123
0.0048942614465765245
0.0054725585902504386
0.00541189677526721
0.005025811874848648
0.004665951040647661
0.004227872199495717
0.0032074622998281795
0.003039939696896687
0.002906070407657285
0.0031209542261063728
0.00295931814613969
0.002070752675715506
0.001967220595285883
0.0011519782772137133
0.0021107916260961436
0.004176044605010314
0.004164694349266543
0.0035546532384610643
0.0025493175626081464
0.001247525761928156
0.00020172973425719567
0.000625695099016089
0.0008902500977533297
0.0010011234622490928
0.002231413571304319
0.003573277251572019
0.003118687444113724
0.0022465075254597153
0.0021846723341873192
0.0025652710704388926
0.0033225505074277106
0.003944944460462809
0.0034016954495904557
0.004031571505253453
0.004735847519580018
0.0033368498622987886
0.003666303799621058
0.0042411282301701185
0.004139673735684373
0.0040287280206577165
0.005864365433513464
0.006202425632492008
0.006240487444828664
0.006745915387049117
0.006783271103416595
0.0055602824591082225
0.005649121033009579
0.0073518833781639195
0.007608261564194451
0.006983194928051369
0.008287758275281724
0.008475625891028403
0.008972258962503423
0.008261980795854329
0.008564595915352621
0.009158226902888788
0.009186248261970165
0.008795511501085373
0.00871522235097055
0.008890675683101326
0.009034269492479282
0.009407792917704647
0.010059156641352722
0.009731836982187955
0.008748254651885088
0.009506145058334066
0.00905007146558712
0.010301731785390449
0.010841079926039679
0.011183217331212665
0.011184991850468945
0.011062164459675715
0.011250577265841654
0.011534804010492887
0.011872186300897262
0.011742488477283436
0.010959155086503856
0.011860069110282484
0.011867835758619565
0.012070083037024178
0.012472082577000807
0.012372735692617454
0.01210974150493017
0.011867481635561316
0.011810257836028501
0.01200412687540983
0.01213232442815342
0.012134359223126548
0.012087413245291128
0.011079348286715458
0.012266455601419382
0.01154331878987388
0.011570312184150567
0.012069682678952651
0.012271973281559484
0.011842996059137573
0.01196925228886031
0.011875722209806002
0.011970291395760054
0.012348615532093984
0.01259287545343626
0.012670172114365141
0.0124468439483343
0.012391204677209045
0.012187102281690003
0.012440789899262268
0.011796574698164817
0.013035839742409728
0.013521909797952508
0.013324291938352986
0.013277658462360295
0.013905745418311223
0.013176338416956385
0.012974293459117364
0.012871834161885759
0.012975541987550753
0.013323268876438867
0.01315543485248697
0.012476025804083659
0.013659951882321284
0.014097112190677838
0.013813816094969286
0.01320494653957312
0.013689436727787961
0.01358736735879896
0.0137355364139402
0.013763038715334582
0.014032975238196879
0.01406931800371676
0.013652653782707448
0.013680194638848281
0.013150729838404495
0.014809917780351081
0.01488806103323636
0.014467055751619646
0.014601772490986835
0.014665040683667186
0.015291587135265109
0.015559970074028541
0.014951381022641132
0.014447580220927818
0.014443066810306009
0.01379211935434236
0.013826169981870064
0.013905115819784455
0.013762950984466778
0.01466209112226237
0.014459986844370961
0.014385734508023558
0.014510018978247498
0.014794830691750627
0.01494530101342674
0.014974149763559578
0.015102735932836654
0.01547637436400756
0.015511997889892671
0.015508255095669518
0.015917976965062898
0.014870994338153877
0.014835950032940656
0.01482824182792956
0.01478519079512298
0.015088341024561214
0.014852781821476844
0.014821813348186809
0.014735630546648486
0.015303659956360204
0.01542346979949727
0.015648018767210847
0.015470620445936625
0.015387686322354328
0.015351102468402893
0.015374051796366806
0.015459888764579596
0.015800470075259067
0.015532720148268148
0.014590160549670038
0.014350630642156186
0.01419125390455453
0.014114922697292651
0.013914550058781658
0.01473461472877788
0.014845804893805051
0.014549353607590295
0.01459739235322288
0.014870219464122338
0.01522746502924052
0.01588804620505548
0.015826156512163084
0.015895904373718753
0.015012188681035654
0.015522320004405876
0.015451948508157048
0.015123512265963155
0.015012979121245216
0.015246322717988574
0.015406413617022533
0.015889915278606268
0.01581487253121072
0.015896966611287398
0.016057601595954395
0.016536289821059588
0.016656310015710586
0.015717229281810314
0.016385444577064617
0.01649096143780554
0.01656169437782426
0.016536413184598937
0.016496141242146208
0.0165878549551595
0.016707625360487994
0.01702307480851342
0.016605879711468787
0.016811122767705508
0.016838366227384882
0.01682515570198597
0.017185903660315822
0.017347168124562454
0.017585753501188836
0.01752325204582693
0.017347247463360985
0.01742890364097507
0.01755632150787806
0.016730292087985772
0.016537120366129466
0.016415638196488287
0.01641625898602091
0.016474137016285372
0.017249896907642177
0.017580027648873522
0.017517847907317478
0.017584129740587765
0.017989435507212784
0.01838192381619767
0.018689465423268277
0.019096184593246166
0.018212727349286324
0.01835796336773061
0.018678428728379697
0.019651110854350014
0.019401208297537977
0.019304880297186394
0.01918556239904943
0.019185656239375896
0.019019501147386732
0.01890790550619319
0.019121864804861857
0.018758802834911752
0.018855006985093885
0.018652490099183943
0.018205324145961554
0.018242939750272164
0.019145314965902528
0.019307838653614396
0.019533154939889275
0.019679452603837223
0.019835999633556853
0.020017950153479874
0.020215561952872142
0.020062568681127727
0.02011286196100082
0.020311080331496853
0.02040829350724655
0.02040829350724655
0.019247994453772045
0.01910137169490563
0.019900957616499088
0.019851662368976553
0.019828867424265664
0.019818816602606967
0.019801575364758697
0.019847882269054096
0.019740224211689656
0.019817707461558302
0.019496924533691617
0.019412938569772248
0.019481506348045494
0.019425052152575263
0.01934924328873475
0.0193050530064814
0.019387393003740535
0.019457754844598142
0.019521244405046604
0.019630754426903183
0.019808513223170347
0.019893106555551925
0.01997339461252313
0.01962615222627005
0.01946678990446201
0.019429773216864316
0.01940022464259301
0.019715925574599412
0.019688750434344045
0.019619994142308764
0.019575078765156545
0.01904437354688987
0.01941058160007279
0.019557597456231157
0.01991481945170043
0.02002440337704958
0.019817768795770872
0.01960922938683309
0.019524058701411814
0.019641571271983942
0.01985552261327609
0.020139179543763888
0.020220859297617966
0.020806375470831227
0.020923970826523017
0.02098308746210749
0.02091193726277986
0.020866305195989344
0.020994276681212846
0.021037873849533033
0.021126886849535356
0.0215155389879009
0.021484429730639465
0.021296784872354216
0.0214438443262822
0.021773953688597216
0.02186111812156669
0.022282502357886393
0.022051906271703316
0.02266720918389015
0.023309580467312872
0.02296406482076528
0.022853864811111742
0.02292613038791431
0.02282725682693034
0.02303716213739047
0.02304997627272992
0.02288443965861524
0.02271972629961732
0.02281046087792881
0.022479428151839762
0.023298198224182106
0.02319730962779619
0.023380491683775817
0.02349076117594423
0.023509942023264337
0.023542624384820243
0.023575223369081248
0.023475667703697113
0.023470844027717975
0.02350531095525008
0.023355727098160372
0.023258910091546164
0.023061034270973925
0.023155782251688392
0.023093236487182315
0.023259280582586982
0.022752801854362948
0.022612718680269383
0.022575299563249867
0.021821470083254624
0.021751983900045572
0.022936387203828238
0.023157758528341874
0.023112711153903252
0.02315668836419193
0.023346305429862605
0.022963527773489666
0.022654975545813985
0.02256618579007779
0.02254412872804626
0.02248565440564584
0.0223960071227082
0.022947542175918243
0.02308397468872938
0.022859080069776376
0.0228318460017816
0.022961030804432476
0.023116202648807087
0.022770037149946097
0.022604600857398106
0.022448688904653107
0.022222439927712702
0.02180413844857792
0.021950052365717315
0.021917153541185293
0.021841033716349944
0.021735076957862497
0.021822815640693376
0.021900124958261723
0.02204649890383589
0.022409250232113015
0.02265889596221463
0.02247528666902795
0.022302188388460174
0.022099351504278334
0.021819369662686612
0.02148214430440189
0.021345229626005095
0.02140388363027997
0.02131324629204335
0.02103579077041063
0.020807508929500448
0.020820737408595476
0.021065163451341733
0.021553457095849597
0.021773522204908437
0.021562208955153605
0.021617707093798857
0.0214682621893769
0.021583048166535362
0.021642032964949327
0.021419391739532095
0.02145626691245275
0.021258211339672817
0.021107696737443015
0.02234313442927775
0.022473781322996152
0.02280537716773158
0.022903132065941197
0.023154486786907822
0.023271979783335468
0.023259813888452576
0.022287172771495868
0.022920244288961535
0.022949030425480906
0.022001843096606872
0.022001843096606872
0.021712098401552603
0.02172598684811314
0.021841457685699787
0.022777745291369226
0.022913427089617803
0.02321270735694915
0.022805602256917586
0.022481419629523335
0.022276177112799448
0.022065728935599802
0.02170007671074424
0.021382320616646897
0.020617152336856716
0.020442576910779008
0.020381730881998888
0.02050531889831182
0.02067323633735062
0.020830330125350648
0.020955775484243763
0.02059602428751287
0.020579748217959253
0.020339454330195822
0.020053046283046022
0.02006501924327627
0.020454135916916954
0.020769706998393773
0.02115986092706115
0.021521099442288708
0.021201603341161033
0.020654513142705822
0.020002535291449013
0.020808392579835442
0.020728665738307967
0.020749886696652238
0.02074109488462954
0.02076467938144593
0.020713802711201754
0.02056077539832459
0.020718159342913916
0.02091563537502334
0.02159977791239425
0.02176979564078307
0.021796571330298123
0.02193992593829634
0.021868759751859465
0.02173033637056144
0.021446509701229098
0.02132951693385214
0.021221994897142816
0.02132297080124556
0.021330319726558637
0.021568313474262666
0.02174125839597107
0.021710511660964056
0.021738409164684745
0.021725788774422636
0.02161682600406771
0.02155448627904857
0.0213218134712307
0.021330585902223666
0.021058733466935955
0.020823416519581448
0.020785140783563836
0.020886907442912522
0.020939873261242477
0.02087790487865466
0.020947380026339453
0.020925943011092067
0.020658792078212765
0.020650636618305143
0.020714235954544552
0.02068705911906554
0.020681554422259038
0.02077816022714224
0.020733050461083036
0.02048485160641198
0.020248682006314068
0.020555060090820903
0.020577152794339137
0.020910930195574842
0.020756947055673405
0.02069232869553382
0.020652291664076373
0.020701752307973113
0.0209911825759427
0.021011584467688183
0.020687137176073362
0.020608821112685128
0.019957112616691378
0.019503466921252415
0.019395179933795515
0.019490789900919823
0.018983529501794077
0.01918605438833051
0.019332944503099424
0.019375330868296754
0.01921543120307381
0.019324722400510135
0.019505823899676727
0.019618125409408438
0.019836512750698247
0.019263876830077496
0.01969390781375713
0.020010878988648843
0.020113496583620657
0.019669400373699825
0.019701302649424574
0.0197880460675772
0.01968400601985333
0.019774610429025893
0.019679250269628763
0.019857883672222677
0.019682565767209004
0.019594070544398857
0.019407889497949467
0.01935263712516599
0.019212057676216268
0.018575965090516487
0.01905711490881542
0.01899011484347667
0.019733857807636087
0.020075085398730798
0.02030770565388289
0.0201039948617187
0.020117767772641872
0.020382815042414446
0.020352028136465413
0.02013588198142596
0.020053833246333825
0.019962704718246876
0.02023317438107603
0.020223897365992536
0.019804678895590722
0.01996773234626332
0.01971348937614218
0.01946723140312657
0.019303952332521933
0.019312894017900976
0.019205439376402816
0.019337946870097242
0.019854544649212224
0.019500833329125937
0.019316914488245865
0.019060393556544705
0.018851154457103912
0.018345470156797786
0.017863711472786373
0.017761860093483673
0.017761860093483673
0.018033716634228127
0.01779797887538387
0.017811269529432305
0.01774176785394668
0.01789687364923095
0.01810726301451797
0.018486771384561663
0.01868409703928541
0.018307226696361985
0.01820305787029135
0.018386418952648666
0.01813906823407958
0.018154248092415223
0.01810375088796907
0.018009288835030297
0.017860651445116397
0.01791914541073414
0.017805103956954116
0.01745627331502115
0.017067799872493288
0.01564713010708895
0.015141296334174355
0.015559100160072012
0.014557384217905244
0.015914940496791954
0.015696651516857143
0.015492345302181932
0.01589816036074884
0.014629521112041903
0.015636695918582355
0.015498117765422868
0.015352141538090926
0.01493621695992414
0.014499989155355457
0.014156354241904655
0.014040149804079062
0.013945218157282387
0.0136086531419785
0.013474235688751692
0.013574540666803983
0.01337661976821206
0.013180062133243913
0.013178414258360159
0.012882837121828899
0.012663911873860878
0.0122989228768764
0.012168713193972353
0.012171425761315361
0.012480934036894674
0.012395190872760104
0.012252362744884863
0.012330523878916679
0.012019963885976287
0.012198599689669708
0.012427447899662972
0.012299369951749437
0.012202580337187803
0.011994390403150758
0.012104431593406307
0.011983509437898023
0.01190937628346106
0.011920342150230247
0.01187806446490663
0.01196312099211019
0.01185260829297881
0.011820242745244722
0.011535414668485277
0.011429658252296297
0.011117613345858725
0.010780584114308121
0.010816502693842307
0.010564564442938044
0.010364763471776105
0.010569911986908051
0.010725259175529274
0.010693888453927282
0.010423429771005967
0.010414771755237424
0.010433062674698974
0.010637640909647122
0.010325707681155448
0.01046938620368143
0.01065443294398964
0.01086851459443544
0.01089120439638393
0.011055743315734686
0.009938356235293487
0.009894532825686817
0.00981613234505188
0.009456119933728248
0.009545235180597095
0.009895927130579064
0.010425925296564588
0.010120921817910774
0.009653751375972514
0.00989935494785704
0.0100560955154233
0.01014941645469853
0.010126149129355194
0.010177777178907813
0.009901651395514376
0.009730366215747006
0.009623068088444884
0.009631806873206432
0.009549834855893554
0.00956252488171444
0.009749795376610807
0.009873585310694087
0.00979756615229328
0.009332461347609435
0.009002648751320244
0.008850076257130995
0.008619633910377244
0.00881196927983827
0.009048076975226414
0.008320128012030832
0.008349447722082837
0.008040455077306585
0.007981861173271753
0.00794487512151708
0.008019542710680195
0.008329463149062463
0.008922816171007826
0.008881500266012303
0.009107904890803892
0.008976636751428882
0.008698324640066004
0.008951264665214217
0.00854558408626566
0.008157272751106179
0.007780820305893871
0.008492361257390217
0.008113188707780718
0.007820615794193306
0.007923952125140401
0.008894507968308594
0.008875266532341893
0.008612829348724956
0.009144051210702364
0.009102351477779654
0.008703206363959218
0.00843485264141424
0.008070434077376504
0.007760109936178489
0.007313871634141593
0.007480417879372474
0.007642989655888632
0.007270379258091644
0.007547585521230671
0.007891860599806396
0.008112778695039157
0.00793557864606311
0.00826736699028119
0.008743195735187491
0.008386098976494508
0.0084100914288559
0.008582276646379202
0.008109937760530074
0.007897139045960688
0.008151205464666052
0.008105359031358133
0.007693189952162409
0.007640277832419642
0.007931317905439826
0.008190739204948224
0.007746451534700734
0.0077090836186424925
0.008159489469465138
0.00838408955562848
0.007873648836401162
0.007612530058617429
0.007499622622745159
0.007709488744132601
0.007776789286221278
0.00757893054985849
0.007352875490150114
0.007338387020897852
0.007424002203699124
0.0076510562311647694
0.007410658986205418
0.007056055916792902
0.007083016152809762
0.007260172286408101
0.007164627962891803
0.007239665421597557
0.007496945109958733
0.0068276814642213015
0.006246826610391719
0.006220185719983542
0.006530130763194221
0.0068374232720189694
0.006597180973338642
0.005900889101657262
0.005527983545311551
0.005283178778895888
0.005418570141204493
0.005532571346839189
0.004644890713423668
0.004300545340273377
0.004238114139927998
0.004806504513962855
0.005355105009348492
0.006354321448203915
0.00736996168741561
0.008503529756869892
0.007937275250606831
0.007037252607443448
0.0055354984854218085
0.004535776330789683
0.0036773791486287427
0.002990215831275305
0.0032560249770868578
0.003735101590067188
0.0024751867370700173
0.0022574006547890165
0.003144999770389905
0.0019993036722738148
0.0014536060109480143
0.002121285465282619
0.003951660719861686
0.003439484878156758
0.0025304898160340965
0.0018340122942416875
0.0014698997119620566
0.0011030869141490827
0.0005894387222207506
0.0005273044786800104
0.0007966828639358745
0.001387009260241928
0.0021909259952256825
0.002616066369295202
0.0015270927981906011
0.0008808282222522287
0.0009590716090385311
0.0021762832236861583
0.0013911245202171388
0.0022996295250006867
0.0036033402659934274
0.0034597342395256245
0.002229423685977753
0.0025583237976159047
0.003476986568878281
0.004375898124739832
0.004232049356033805
0.003764865699015228
0.0037638828470451242
0.004183822729969879
0.004814238506941852
0.005658126894018986
0.00499802336336247
0.004761672234553597
0.004887662452214619
0.0053813953055476885
0.005960610069642531
0.006604753086126609
0.0070114069548834965
0.006376172104308554
0.006234593826839619
0.006205065277352867
0.006686157055091819
0.007226711204894856
0.0077937542705570715
0.007343402374677452
0.007299641405359076
0.007052829763181464
0.007167361979518229
0.007694583393720843
0.008583073318831286
0.008889822241272213
0.009270782905092737
0.008993793612345825
0.008450036551966729
0.00852491424470613
0.008463310578375094
0.008485624755687522
0.008550547643664759
0.008749109972671034
0.008837648116208425
0.009231327418852119
0.009086646482240952
0.008954151104934681
0.008911817844290645
0.00884851740197481
0.008752004222805448
0.008891694120561382
0.008806460269117024
0.008907706577164241
0.008606361045888413
0.008433566183826399
0.00868499927244474
0.009468815378781848
0.009980675910191293
0.010140773563315766
0.010682190907020994
0.010926019173959245
0.01122821240594551
0.012019051073338406
0.012044842226033022
0.012216102344522408
0.012293433402788264
0.012336884076714644
0.012540393891209308
0.012361817153900893
0.012496727815862729
0.012734656359543964
0.013153328871187248
0.013363661863166607
0.01361017053211627
0.0140097286178135
0.014650756746653355
0.014833899976625958
0.015360054852279977
0.015911435245510676
0.01614394764990359
0.01635973335867228
0.01671984396573727
0.01702914731014852
0.017608193242338276
0.01776560319925844
0.01787316566956501
0.018274974906082087
0.01875266764734985
0.01891570023634493
0.019156267662675707
0.019471379868619673
0.01975059949413778
0.020031702237051113
0.02058769423753328
0.021032314348581944
0.02123124608313452
0.02149562009525563
0.021842425645565686
0.022108324505229374
0.022343832886578617
0.02271776804678011
0.02280303378289993
0.022843554249983463
0.022876993604304553
0.02316486096836111
0.023394143138711666
0.023744202786337744
0.024119846350104467
0.024739721625413758
0.025217932202071174
0.026026360873679228
0.0265629107135282
0.026972987855185097
0.027206604647029696
0.027244239635676508
0.027819304436809206
0.0283690408260466
0.02921247132537329
0.02963007294499211
0.03009442309577449
0.030587116410673673
0.031010982117193314
0.03133985698229901
0.03176361593076403
0.032057013377728455
0.03227254824389555
0.03244910412250087
0.03258828841443512
0.0328000179472977
0.03310767215913362
0.03365435361910481
0.03398702099461231
0.03447982184212885
0.03521234387424296
0.03559873788687005
0.035964242594633745
0.036399309626736875
0.0367502216213433
0.03720751311373173
0.037284860592926926
0.037392074984533646
0.03747172959308316
0.037659268683378
0.03789883249764037
0.038143978374841334
0.03827211715817417
0.038548318209474075
0.03878165425641439
0.03892912197763934
0.03910506768398451
0.039657209035191154
0.03996110173273255
0.04011029998244277
0.040246010493709655
0.04048239547988088
0.040865335080822664
0.04143454024893268
0.041790427414395814
0.04263107960762261
0.0433992877647355
0.04424982224671913
0.04480519330325381
0.045216670122122174
0.04549155096585727
0.04556332599367094
0.04559697705731477
0.04574043789754492
0.04603330315846294
0.046412718610256025
0.046630380204063994
0.04677331536610351
0.04691584688169165
0.0471736706831644
0.047388497165877404
0.04769580355442158
0.04821775133390935
0.04868158330101089
0.04917361603675031
0.04987279107201994
0.05035978892102128
0.05071790002284983
0.05101834196218488
0.05131654475454613
0.05156651738096891
0.05194182366278943
0.05221231121567198
0.05240349643879223
0.05261565345919606
0.05281825840612783
0.05300508238100999
0.053249652347447315
0.05355203916008168
0.053842749914720926
0.054083963668411776
0.05397995215959025
0.0544954091418212
0.054604240137803337
0.054877820150394496
0.055172880772076494
0.05516356598632488
0.05547461410848612
0.05579451048219717
0.0559642830806168
0.056329653237149516
0.05648366060323427
0.056821535607284264
0.0569983321133699
0.05715512330353129
0.05734411354551725
0.05754535444604572
0.057762138727693216
0.05803358444402391
0.05852355978676596
0.058376588552316304
0.05863333312512953
0.05891008986774361
0.05931187905871816
0.05965843356451611
0.06008601323055642
0.06006590122334978
0.06023707917565001
0.06079022130430676
0.06117082025248745
0.06169861096308314
0.062090718936396616
0.0627168220182506
0.06280882398711865
0.06313782994363452
0.0633516655286046
0.06361718408467766
0.06385405192224664
0.06415095530971245
0.06448888675601509
0.06483733208843522
0.06517790259197895
0.065515245148173
0.06579181906459777
0.06639477030724442
0.0668666964425673
0.06751587262849021
0.06817823566617857
0.06842007746083183
0.06897500024538984
0.06947098339190202
0.07004396007993419
0.07068181067339638
0.07172250066568688
0.07157956301474784
0.07172371834134576
0.07238079638855932
0.07315748448256405
0.07397547882098741
0.07477327736450502
0.07592049088077886
0.07662703189795571
0.07745787947220154
0.07803444780835887
0.07873484917249354
0.07900304024714476
0.0792840520775055
0.07945685754377595
0.0794970726928426
0.07948022919271222
0.07949652405918235
0.07948953981634334
0.07949326068895608
0.07950607621427808
0.0795002420372439
0.07953556426821169
0.07961120176634089
0.07981294269541786
0.080032228390033
0.08031664259964794
0.08055325814016649
0.08079975459891423
0.0809370056847392
0.08113531719252473
0.08134805431302392
0.08176591565187839
0.08219155985025159
0.08243044681528133
0.0827746435309453
0.08316748981110095
0.08349901361428338
0.08393476100089467
0.08465805692607785
0.08536978253082558
0.085917491536638
0.0864510073404675
0.08704431795955483
0.08753805671034413
0.08815763367963173
0.08881074109475322
0.08932177652738499
0.09002331194613154
0.09045035647130864
0.09108585436862955
0.09175983682494476
0.09221982848996585
0.09275210077085544
0.09324678070629558
0.09365132794709331
0.09408940867721972
0.09442290367272647
0.09465866449374687
0.09496537959298892
0.09523670095729932
0.09561199056292709
0.09601131573925047
0.09650495629461343
0.09708659052529924
0.09777404081697999
0.09833779286599428
0.09870965552835703
0.09899684838970639
0.09937870981390248
0.09965795064169924
0.09983704054544384
0.10010469024165884
0.10038914103817137
0.10054212560680494
0.10070611594168201
0.10083094428735438
0.10086569705153378
0.10092481814410603
0.10107637372901096
0.101309692134654
0.10163616350880789
0.10189379606895918
0.10212710525234225
0.10233661052210458
0.10256877475747916
0.10289647562577033
0.10349273360962537
0.1038345934600585
0.10409083495444062
0.10450055472992438
0.1048907174315241
0.10528988564921946
0.10571605941024659
0.10609277260091836
0.10647833843126715
0.10676265586665903
0.10706685249431457
0.10750874996756747
0.10791564013952033
0.10829087830726387
0.10883934425601095
0.10938396725594503
0.11002901091559904
0.11099580577768424
0.11100943426892894
0.11133335435555733
0.1117071290073934
0.11206773930422459
0.11239715829474994
0.11275208233014158
0.11300168840051845
0.11337091701917319
0.11387176894720104
0.11425218927297962
0.11470791341550286
0.11508475343998922
0.11538218136275125
0.11585417170498288
0.1161032245233729
0.11639698640071917
0.11671365990269039
0.11694117505247363
0.11712959975151495
0.11756517679915268
0.11745088915059708
0.11758723545267138
0.11776398216949331
0.11793060928532288
0.11815526007826677
0.11841596478298404
0.11875539437575187
0.11908468532776427
0.1194397107811052
0.11998253673881323
0.1203208200703896
0.12145309526608988
0.1220410619163297
0.1213621129183168
0.12165744044528627
0.12191833534764049
0.12221837871292142
0.12244767479562602
0.1227610160355993
0.12324355383198622
0.12360978233972593
0.1240843758917166
0.12429198774616507
0.12456176038358091
0.12473531261089604
0.12481819055922125
0.12494618309415935
0.12500176646453107
0.12510472726567487
0.12525793409217487
0.1254437063552439
0.12569193090127728
0.12595493391410245
0.12616505637143946
0.1263441168477058
0.12653164088174643
0.12688340753033223
0.12722707856757362
0.12746976374573943
0.1277843188306506
0.1281902484810096
0.12828394614716357
0.1284715947753197
0.12859884544043515
0.1287247896723128
0.12882098303659426
0.12889857424053483
0.12898531094883414
0.12904251858191104
0.1291138937644668
0.12927684702943132
0.12979490839674693
0.13072921970712117
0.13079484230985375
0.13106035653015843
0.1314325534152228
0.13182721903022435
0.13218574589746174
0.1325562313033882
0.13284230036764008
0.13316576921471684
0.13362402548111926
0.13401154999219378
0.13459818431828682
0.13485113734526016
0.13572488195468643
0.13632110080230161
0.13700631985261122
0.13755299632658435
0.1378217122066137
0.1378584179676351
0.1380178443232241
0.1381201530753559
0.13866158809954982
0.1388097227955799
0.13977439799305738
0.13933090745984347
0.13956709148201804
0.1398483607773329
0.1402765020631468
0.14065053104161526
0.14091835971074404
0.14119675506363225
0.14140465236466454
0.14153616814040065
0.1417068779140157
0.1418629639802118
0.14209169723636902
0.14229516591554775
0.14244604306273348
0.14262095410840872
0.14280924773909048
0.14295799711104598
0.14311589185585416
0.14378729292106376
0.14455413821903385
0.1434993854722938
0.14364775673871757
0.14380525512138834
0.14400628119308043
0.1442566040447539
0.1446338846241507
0.14499557145608277
0.14534326766912517
0.1458035001840543
0.14616639158909342
0.14654233279307882
0.1469707632848402
0.14733057014145293
0.14763975386830247
0.14782617182301494
0.14802560568604473
0.14831286958603923
0.1485504686825027
0.14881015561778338
0.14907587128339622
0.14943670765856937
0.14984551840892774
0.15007368002142285
0.15048567075297767
0.15098183057366033
0.15170779089955208
0.15243165718677965
0.15299414948040488
0.15371286104865842
0.1544317485575477
0.15542697106970574
0.1560993202779918
0.1568931181442955
0.1575253039938275
0.1582737516389745
0.15895704630726062
0.15980901162889202
0.1600729556404785
0.16172504236219593
0.16273580645726504
0.16423747008588885
0.16534871875345986
0.1657458940830056
0.16617527417224084
0.16690279852216708
0.16746765466209376
0.16811553171276394
0.1688429644949571
0.1694736363944387
0.17009700455770516
0.17098606074480555
0.17183700538293287
0.17251206848010733
0.1733684446935414
0.17441115511483385
0.17528882842994764
0.1761534379522387
0.1771975979879636
0.17825588368005915
0.178834019388857
0.17961466937096993
0.18044815346194587
0.18137659668558062
0.18221954041229524
0.18322122886817016
0.18369141957733975
0.18460619318766072
0.185002331222236
0.18581493056478549
0.1867429912259597
0.18737724578836565
0.18795615797708065
0.18910578737638417
0.1899600243573271
0.19100648335923684
0.19197042757875304
0.1929156326463948
0.19390781718992425
0.1944269698357744
0.19522123526774676
0.19607485426875776
0.19697537819713098
0.19799755082671858
0.19931086080686433
0.19995938687452958
0.20055714664486604
0.201824154027548
0.20283763555362982
0.20414547281984524
0.2049015843340653
0.20671712224764816
0.20808958675558684
0.20929029836115526
0.2104334798381433
0.21042023094060036
0.2107091247075696
0.21058443377450586
0.21081904278775193
0.21116249780731
0.21166983565517003
0.21212571795126392
0.21247178970389866
0.21285321629240175
0.2133397172445047
0.21438921093003785
0.21482495102763477
0.21537596188645539
0.21579201686842153
0.21643661290822078
0.216419288414078
0.21673916353097697
0.2165316321100782
0.21655402804345414
0.21637757356682166
0.21677899104748066
0.2167079345355018
0.21707096122762698
0.21755751606453688
0.2184777300621825
0.21916379602992936
0.21993389400179533
0.22134661261360825
0.2228250214577111
0.22429119442415063
0.22533634873667396
0.22618434689847114
0.22581587206807452
0.2259691564243303
0.22651437281152306
0.22682579328038982
0.2267819202766131
0.22721674117467566
0.22765104422309848
0.22797259453812235
0.2283222192806473
0.2284904550764914
0.22816993479382777
0.22885541502631812
0.22864929485029292
0.23020693704719142
0.23070911542893435
0.2313915408021019
0.23217313957200228
0.23261179013876454
0.23323453561215998
0.23555295334657375
0.23651725883838126
0.23657830642833846
0.23704123743135033
0.23792440675179827
0.2392904716041217
0.23916062627807444
0.23925441554489132
0.2390481508264951
0.2393329160799592
0.23907101736193057
0.2391012472625299
0.23882641882082895
0.23868881403245026
0.2384397513859603
0.23820080844573846
0.2384398149038124
0.23832195138457324
0.23838349876410087
0.23900004123001625
0.23860980268386725
0.2388478321381811
0.23842240214906668
0.23838354180045285
0.23852373419892672
0.23855791443260502
0.23857476239858813
0.2382880970335011
0.23834533782145362
0.23838005927495579
0.2380273088239117
0.2380545878198591
0.2378256566184583
0.23773230586257885
0.23769497171566795
0.23743189263690925
0.23730436760688833
0.23721222494634422
0.2369277103097824
0.2366600930200909
0.23643850880140424
0.23565697532636487
0.23525492674192325
0.2345237918467747
0.23371240928754242
0.23400342995621556
0.2338139755718575
0.2337563786046679
0.233451259930524
0.2331718566978323
0.23293907905531858
0.23300239797802316
0.23241017336613085
0.23250182944268322
0.23238123757004714
0.231670396724701
0.23051814452116884
0.23033733980460375
0.2301837710483126
0.22957876743643157
0.22888536783240115
0.2282790092016943
0.22770274864823478
0.2276790329382763
0.22718556583580965
0.226338358081239
0.2263580108652237
0.22597347678352916
0.2259011649718843
0.22579761724163402
0.22570791769052706
0.22534350796035893
0.2248260737069459
0.22410782829259057
0.22388228009843417
0.22326214401186437
0.22282042061871504
0.22295279928022643
0.22239007615970174
0.22204399847832748
0.2216460623709755
0.2210674832176233
0.22065725460972152
0.219569764401891
0.21839937596069023
0.21738966524185915
0.21666861607368326
0.21580213067515258
0.21429493472286099
0.21250034072681523
0.21062471776254374
0.20979073830472364
0.20803421516603146
0.20590948501750303
0.20451534921166348
0.20355688869780322
0.20304396904215713
0.20233870058518194
0.2024752686154716
0.20113696550775842
0.2007212269394874
0.1995233365531849
0.19889059554144092
0.19879240254629257
0.1983165183188201
0.19791295059920055
0.19749726546350238
0.19680970089693312
0.19664871346666243
0.1962061913261208
0.19575018580216413
0.1947182229487016
0.1932477133438172
0.1925350639704961
0.1917939410842637
0.19079908725104308
0.1899294971911022
0.18839933866738276
0.18784869744543045
0.1873210904042995
0.18687195168143889
0.18623197604172004
0.1862029181270353
0.1862272495162652
0.18533370521391063
0.1850794225915187
0.18482664923555447
0.18434359207493653
0.18410354451305633
0.18349746171716005
0.1830948820468889
0.18269131800932695
0.18235096250709204
0.18178594478764457
0.18146819157674085
0.18079050868811714
0.18060512755242616
0.1801715155332587
0.17984827466744047
0.1795086682386423
0.17942388841377563
0.17905424219718405
0.1785735646386458
0.1784831025260476
0.1784733888392161
0.17838296489054428
0.1782771545001696
0.17826617494559852
0.17824495541488175
0.17806693935873136
0.17791505443278235
0.1777342677925301
0.17767716736506128
0.17754111848980264
0.17767372825622815
0.17779883233541513
0.17686559661319726
0.17665145441419203
0.17647286245641114
0.17608128185319588
0.17565229818207595
0.1756276570953524
0.17552442100855672
0.17506526131937616
0.17481349003500035
0.17446057921509267
0.17422693392469518
0.17400216182824088
0.17372913355089165
0.17345833951152292
0.17331867971621057
0.17309334451090722
0.17276514326787284
0.17264182847908174
0.17222493614953754
0.17174091958067786
0.1715255256412794
0.1713324176844463
0.17193391808632857
0.17074433951066575
0.16985914623507703
0.16939070289541347
0.16913033396588056
0.1686709206007049
0.16829119190348132
0.16796364671593464
0.16742982645524856
0.1672149794513285
0.16644155384823195
0.1661257848946949
0.16601883339859286
0.1658187391299244
0.16554169829272214
0.16416449459268634
0.1637550109261339
0.1636727475329147
0.16371101486474188
0.1621328178703241
0.16189610422375003
0.1614876464192185
0.16126687213765634
0.1598859135253624
0.15955287179838593
0.15931044955723137
0.15902681181882208
0.1587462347438305
0.15789964765399067
0.1575047603097609
0.15725231743670903
0.156947569735361
0.15577110737155736
0.15545531661945403
0.15528263603093165
0.1550673124960183
0.15414994312212757
0.15402552812012096
0.15380244580789793
0.15363647537105019
0.15346572971874742
0.15328601559947358
0.15320012245501707
0.1511377922851375
0.15083727018150803
0.15063829142024965
0.15051124972542762
0.15011768196745373
0.1499664736641602
0.14980078723642493
0.1496048834940902
0.14934942436915638
0.14815459567708344
0.14787950734228447
0.1477505412304995
0.14766887758165853
0.1475381641737219
0.14682444137607034
0.14648842482162477
0.14629949448745433
0.146157995743647
0.14601733571387912
0.14482111621095906
0.14469652749729417
0.1442802598988911
0.1439517950249132
0.14371926028755674
0.14225384508296252
0.14183424073388187
0.1416821473111803
0.14144699184915
0.1412617132178343
0.1409714710653235
0.14079075743967032
0.14056081298656134
0.14028456758978103
0.13870628803879198
0.13832481938540095
0.13818695736729836
0.13805449639428086
0.13781015620354034
0.13694157863900216
0.13668896335910724
0.13651341950856452
0.13634654135766058
0.1361596956072672
0.1360403879361045
0.1354728650747721
0.13536806069067908
0.13525785120113715
0.13512743477464884
0.13498608969554407
0.13419089278376733
0.133635290419127
0.1334858453743907
0.13328175982816282
0.13297356242262676
0.1318393465053492
0.13135461177490648
0.13107432590382978
0.13075994490354692
0.13050221871308368
0.13033737180001667
0.12932029886989518
0.12902153430416086
0.12889475879637563
0.12872746962335097
0.1284783697178677
0.12759366411793574
0.12732066999858824
0.12710630542886522
0.12695459676635434
0.1267759109741966
0.12664846191219217
0.12617636821600398
0.12645430298859528
0.12563743805667715
0.12543793646703544
0.12521058210810487
0.12443788493061905
0.12424471841928574
0.1242054076489067
0.12407739359007722
0.1233620991490677
0.12315923487846916
0.12294212718204378
0.12278798168464315
0.12194844574220057
0.12178415270787805
0.12163313854196735
0.12141702064231431
0.12108029227023873
0.12090846120916983
0.12070331455217825
0.12047175852586764
0.12017754264984597
0.12023370021757575
0.1197591059986046
0.11894777229720005
0.11862467419142289
0.11811970785066771
0.11768230282395974
0.11737961762478223
0.11703654904615737
0.11663687227688341
0.11626989309456513
0.11608804544402875
0.1157791178095321
0.1152670932484429
0.11492850837347045
0.11456990442943593
0.11445717657274077
0.11416377088266486
0.11379572180800579
0.11366479554898469
0.11350157248255177
0.11324746594993777
0.11297426696403377
0.11284181680196907
0.11261877233569785
0.1126268046032019
0.11237857121708768
0.11170016778809372
0.1114102279695082
0.11089492331366624
0.11050071022567183
0.11020945166573672
0.10987985494337037
0.10957380542368873
0.10941005425280323
0.10918184761937616
0.10889927795939865
0.10864011078960546
0.1083920725927803
0.10788589434494232
0.10765746006621334
0.10748607522535056
0.10739413001258691
0.10756025491473248
0.10684038224355653
0.10654804679531421
0.10629356635673615
0.10580442593374259
0.10556511803027438
0.10535417688283667
0.10511920907036065
0.10490128007194852
0.10446110766034084
0.10424912780508444
0.10398391293344235
0.10355086913056084
0.1033230525146918
0.10315002878791761
0.10277192774352661
0.10254134660006567
0.10254849075778914
0.10200920468139255
0.10161340758284425
0.10120227394860001
0.10093594013174477
0.10048472653279573
0.09997144967219523
0.09948327295244785
0.09935195616561615
0.09891294669616299
0.09858748929796991
0.09833284546859758
0.09818301165431548
0.09792516535209371
0.0977280143238496
0.09768261110477089
0.09749965441837101
0.09725899770650577
0.09720530216165281
0.09734377493397117
0.09702212913841153
0.09682267810345724
0.0967036444078526
0.09655663595213192
0.09633235735296801
0.09614894412707546
0.0960268119136564
0.09568385155583656
0.09538323463667064
0.09515269022139736
0.09510098150099619
0.09494585338742302
0.09486006649978986
0.09480113786781831
0.09481214201264315
0.09469740838571634
0.09446493247516921
0.09427183148282153
0.09399720809940046
0.09361538341120479
0.09328181411900804
0.09283456718697397
0.09263547368466465
0.09249703684567546
0.09246783033404506
0.09235317847233061
0.09219084336999354
0.09191455681708234
0.09170574995088837
0.09155288215031718
0.09119819441511906
0.091071086488114
0.09061231185570641
0.09072736963942167
0.09015634235417498
0.08983968449588228
0.0895713552603725
0.08929994458836407
0.08908396822393042
0.08880810035645219
0.0885466045817373
0.08797267592112118
0.08780473591261194
0.08781690644053956
0.08765923134379752
0.08755657982682705
0.08749013398054682
0.08739301798489595
0.08715049255453558
0.08698638325871616
0.08672970518319097
0.08652021550099688
0.08620224556675839
0.0857874034595684
0.08561023233167574
0.08558673565141625
0.08521840950752518
0.08492538783893809
0.08477157774560111
0.0846162264056514
0.08430666555659819
0.08394823257668602
0.08371939725253921
0.0833837388786014
0.08268074927856255
0.08243651058365063
0.08229546206872432
0.08209120658284637
0.08179717369262202
0.08158742867322478
0.08115965796710248
0.08101302117592935
0.08072514696071681
0.0804887810832601
0.0801846977206313
0.08001061597400831
0.07990791115287126
0.07961143403410541
0.07969923499138376
0.07890884219670231
0.07828752533449987
0.07786984744022427
0.07748792874423295
0.07713452952548211
0.07675506696804127
0.07657030067946238
0.07619075700172707
0.07584031626884176
0.07537070838041106
0.07491990675598488
0.07461235808599148
0.07438912157861384
0.07394380449396878
0.07358301012498698
0.07334534829766265
0.0729878618376174
0.07304722516157003
0.07224007846147622
0.07191554095485908
0.07169892136596308
0.07125459235144016
0.07065576711910135
0.07032224724302005
0.0702491602560263
0.06965283568201465
0.06932375320569384
0.06907653480388426
0.06863730476983977
0.0687556357532404
0.06868457044062297
0.0686400523233826
0.06830357921875138
0.06805643641561146
0.06788885159849278
0.06768107638029416
0.06730455432438337
0.06703380877387997
0.06680839812314547
0.06633616372835432
0.0660384497277375
0.06583065017110352
0.06551429237364706
0.06501466904288192
0.06481418394577472
0.06472323129213599
0.06451545551877912
0.06449595315864837
0.06406532426861174
0.064000974879445
0.06388404961751859
0.06377191871711844
0.06361943608639702
0.06333903365949468
0.06303816258987018
0.06280500759720092
0.06249543479423638
0.06207237108627597
0.06212859577718209
0.06193829130702015
0.06188907794250446
0.061735191538899156
0.06162010962147775
0.061469078167999014
0.06104845514608769
0.06063016090214964
0.060406932901761815
0.06026814056958615
0.059855848816044326
0.059567979438304164
0.05938215683328274
0.05928119171314793
0.05904851236950155
0.05874667765365559
0.0584879933146336
0.058362299295377326
0.0581760606900825
0.058087635209288925
0.05787009040888132
0.057806781958909564
0.05766454691405134
0.05761263367010821
0.05760096690548473
0.05755709642315772
0.057517666845521495
0.05742659189618628
0.05743555477889261
0.05728179817371952
0.05713965683285588
0.05704279776221132
0.05691582111652236
0.05679660474635184
0.056709588147073095
0.05653808538406403
0.05637850924701068
0.05624174294085297
0.05620445044241804
0.05603609905814016
0.055945917865915684
0.05589417421598918
0.05580165881792109
0.05574346362979733
0.05556419920464625
0.05554508092043869
0.05542748395531502
0.05521339690179354
0.055121892787155714
0.05497195920718226
0.054852933518394036
0.05452316436791116
0.0544462171459301
0.05427287317249189
0.05416978597866472
0.05404544298145114
0.053976372082477984
0.05389600852572091
0.05378360963366247
0.05370742052296092
0.05363050581596244
0.05358643270391825
0.05356124000057521
0.05349567318853755
0.053513849111817585
0.05329952784040991
0.05323876583988007
0.053375763115343595
0.053386833010928156
0.05333982204470816
0.05332125968837688
0.052868350314696784
0.052799436931812785
0.05266746886103941
0.05256242261823868
0.052540717551000427
0.05249797563166147
0.052423778060642634
0.052423778060642634
0.052423778060642634
0.05225698338341517
0.0522424535990904
0.05218880105720281
0.05214534745860754
0.05208544135544928
0.05193115751613345
0.05194737477006256
0.05175665583935095
0.05148537270154676
0.05098139431394338
0.050879422321665965
0.050729796731299986
0.05070765062034272
0.05042730716873037
0.05051243177480752
0.04987279752894856
0.04956532416740896
0.049371915650018985
0.049441705857152136
0.04935548369122962
0.049339607232561325
0.04935305358610618
0.04907439552465501
0.04940997305983514
0.0489157906039382
0.04899202103640337
0.04867549985237045
0.04832172936347639
0.04810010275694315
0.04782550386270808
0.0475082116004613
0.047347046646324324
0.04733154998883034
0.04708022157763687
0.04701604350650108
0.04673650702018859
0.046440968970649164
0.04628561998510113
0.04609312699426826
0.0460704775355631
0.045732394461667915
0.045469244398002165
0.04545329442750306
0.045277329042143544
0.044956668105347236
0.04492431390327458
0.045320480310156806
0.04439210822897577
0.04413966097039304
0.043944900431807904
0.04392232221214371
0.04372324852214947
0.04364220298236713
0.043589306986801885
0.04346765325758896
0.04328013982338094
0.04305620897129932
0.04310795011487761
0.04297540003146899
0.042806439384469167
0.0427504824825226
0.042721957925290446
0.042969609594200826
0.042875332753749
0.04261981765063127
0.04250886309045659
0.04238601230918412
0.04235921938251015
0.042250996705868335
0.042399441926537794
0.04236556271427151
0.042370697879279266
0.04206499456015381
0.04198924915992433
0.04196891120196995
0.04194015223507656
0.041777994171133696
0.04179162919755552
0.04199075183511024
0.04146667510671681
0.04133515034263997
0.04117743943391467
0.04100721598385884
0.04049528555273253
0.04044936838873813
0.04034855090009732
0.04019573620835053
0.04010566507191882
0.04001921369001642
0.040103279286583256
0.040530174403306134
0.04035132317046392
0.04011015676589414
0.040074453540504124
0.03943749270192953
0.03899037266491909
0.038495071623443566
0.03798439483664948
0.03735173342236099
0.03701841688843128
0.03681993020057544
0.036828578417480065
0.036576458008081104
0.036435883214779655
0.03587310735730135
0.0355954861425951
0.035302230339825706
0.035019007410487524
0.03467836137035329
0.034376789714638395
0.03423244729676232
0.03440130253462428
0.03426076985620252
0.03415733415723113
0.034056846766387296
0.03384421409747567
0.03352982438082901
0.03325033435923277
0.03298762201158908
0.03259488217332213
0.03248463896724846
0.03231799778462319
0.03246764155618109
0.03254356593813399
0.0320846488213429
0.031552162548550984
0.031184182849489615
0.030564532843377082
0.030337884115680298
0.030134560381727567
0.030050633542712597
0.03000659284715244
0.029828364842475093
0.029660461313408902
0.029514378082299335
0.029476753978684548
0.02883377779138375
0.028469439585252304
0.028189032262746577
0.02793310761410714
0.02765110337232949
0.02753633645429693
0.027431361928412504
0.02730807100364405
0.027183854412877573
0.027053753186311338
0.027035169755781487
0.026915997089882765
0.026839969564537755
0.026312778106061134
0.026113294171584235
0.026106389392746107
0.0257390210097555
0.02556663662244604
0.02550918863895006
0.025396334880997126
0.025276897766961598
0.02515874515381928
0.02501124437625823
0.0249967268954278
0.024904309117172726
0.024871981804246428
0.024804625830098254
0.02469687471469297
0.024705114529450078
0.024565388750490712
0.024204878010170565
0.02422158548899562
0.024203414299799206
0.024030680280242987
0.024129231617576064
0.024145024310979445
0.023984960804583885
0.023402156465270982
0.02325220418870268
0.023077717245937986
0.022703441803624096
0.02216614448480818
0.0219469429789703
0.02177210740610984
0.021507453977342262
0.021371952549085593
0.0213890266446011
0.021369165359339803
0.02151477357987035
0.021318674599800257
0.021480745168229502
0.02150192244072693
0.021408228771364283
0.02133856608356503
0.02113546560520539
0.020684871394106092
0.020270567181967552
0.019463957185728808
0.019094067928061342
0.018744060009834355
0.01861517326591835
0.018452440123554396
0.018161060981516937
0.0179140389196362
0.0173979447394257
0.017368183073305402
0.017512076344606074
0.016992504777446803
0.016700526355505552
0.01649337344556898
0.016279939246362722
0.016154430827129067
0.015895180182938666
0.016797588564758232
0.016163938785392275
0.015787888479402126
0.01572940621165523
0.015186300737973836
0.01512344848722898
0.015193787540837944
0.014924387006949251
0.014505907182368768
0.012424430161045375
0.011995665090138472
0.011675399765129565
0.011022043331191243
0.010640883453191812
0.010079590789981857
0.010360314875320794
0.009917952351861947
0.009549451434194063
0.009430292495599343
0.009009627726890618
0.008824361275840402
0.00894682523174393
0.009833432066595585
0.010466490084791735
0.009649281304775527
0.008199932954381128
0.006403325234979004
0.005227743522895178
0.004260112302903858
0.003918625115122332
0.004002150707458799
0.004099920041280372
0.0031162605335265637
0.0032591180914601312
0.0037002255101891424
0.002652953554956099
0.0018635821083977076
0.0017723603439886724
0.0027590079538727928
0.0012959095363053764
0.0006275346506033932
0.0024395371617500017
0.0042351204721179396
0.005400054080951742
0.007822997114189871
0.009234508982943031
0.0074966699085041
0.005923853120009215
0.004967670313394707
0.004911656403075189
0.005701663821661467
0.006553131016951171
0.007262184643439915
0.007347919307571809
0.0075602896165283765
0.007761019718958343
0.007865366483072215
0.008220498425350194
0.009074098052740145
0.00956830751006421
0.010142349166271677
0.010028781947301163
0.0103117114044899
0.010700835663307389
0.010910523240076235
0.011147749687342525
0.011334533326860194
0.011950994087359374
0.012813251875331283
0.013180754808157518
0.01478535720609772
0.01469610017818923
0.01636678080524147
0.017247438615348696
0.01843159090929727
0.018133803338130302
0.017395257061000067
0.016902498774486498
0.01653594125364173
0.016238607491611524
0.016107320806696714
0.0161887816100288
0.016250384363038075
0.016288232112634454
0.015979341227174666
0.016764562204062788
0.017133384304947447
0.01735185047353939
0.018009082970816055
0.018129088712469738
0.01832978116446477
0.018402454659553306
0.018327402343957567
0.01833092360412587
0.018246377711152374
0.018347471902456308
0.018226348981610404
0.01837614199109741
0.01880462404024845
0.018964998811918547
0.01899110287614159
0.01875531929192136
0.01885333824427044
0.018942662429628453
0.019301311716813842
0.019585382597791908
0.019550667373392026
0.020054579721097726
0.02035833216487881
0.020858078362097646
0.021473581624627362
0.02219571974634202
0.02199843339999768
0.022458741235292054
0.022559426007488375
0.02305290273342254
0.022807603036309285
0.023406021822764595
0.023555246128767467
0.023887106310660912
0.023951510617194596
0.023802319806886813
0.02410194072192423
0.02447271763394579
0.02459535496699367
0.02527011997405786
0.02582191602492719
0.02618518674348953
0.02616273087124209
0.0270035716932725
0.027025454377908025
0.02737016962052063
0.028095429419908752
0.02854166184484529
0.028904730447537857
0.02952394325814445
0.029666772553864074
0.03009209779915644
0.029844245250242728
0.029784549574952753
0.029811761102651362
0.029763420549213236
0.02925987356252729
0.029244722339609314
0.029228579026251502
0.029142594097392508
0.029425230538324878
0.029779143644834097
0.029744702176696426
0.03030234841311733
0.030488087490545043
0.03054122725689492
0.030720262644256213
0.03086682722371696
0.03095132688781361
0.031096662648205525
0.03120877431235513
0.03152698730638534
0.03160313636481055
0.03157583751552513
0.031685462058648195
0.031525261073431926
0.031570074542989324
0.03157516226533029
0.031629546678825074
0.03192222858497041
0.03236176548607087
0.032183878463809566
0.032352176748858597
0.03261709903472677
0.03281051887094207
0.033221384985936235
0.03327320600994473
0.03313629531725654
0.033226071004026504
0.033331859051583916
0.03345983582536882
0.033975842337763656
0.03416742366169412
0.0341760518858558
0.034502287214290314
0.0350076201526925
0.03539669506054312
0.035829294410784626
0.03555878809984294
0.035689212564325216
0.035532728578942754
0.035383242609508966
0.03559315334938207
0.035648241350368495
0.03573499929305569
0.03595923371298706
0.03613556139066224
0.036186122015303204
0.036481100656420004
0.03660015540786268
0.03660869840944492
0.03655167982832181
0.03641688014895775
0.03652343283334056
0.03685739925014023
0.03692342966731242
0.036984079829629556
0.03706720197455349
0.037297185049027085
0.03745659818415879
0.0377436630775111
0.03783031709316223
0.03803737049681632
0.03799625752706938
0.03795874116914331
0.03786144751305842
0.03823849992325509
0.03893687376839682
0.038969684549889666
0.039056197289876055
0.03898581736955642
0.039310703302544756
0.03959171339713276
0.03989065720986871
0.04007486742721984
0.040144131846760314
0.040516311750343814
0.04108976019786885
0.041594612951035816
0.042395938900300974
0.04280406876038933
0.043386681506992535
0.04396909231176468
0.04467694095761836
0.044074128975508074
0.04380894632171038
0.0435478104570006
0.04342820028410301
0.04289919849185728
0.042909768305249237
0.0426106844124502
0.042754986084536914
0.042949575950899294
0.043069862795695454
0.043265193104215956
0.04334381030120463
0.04349614866988295
0.04353334158714167
0.04331228496894152
0.043314467288831926
0.0439813377528267
0.0442651389898641
0.04419460644221281
0.04445512195359749
0.044674971675908386
0.044854841163343824
0.045377006576483976
0.045244062838251414
0.04511023279532497
0.04530965563094096
0.04555178259631172
0.04577430499993088
0.04595656468637824
0.04620886091659738
0.04627439998635265
0.04626589996575886
0.046378408135878534
0.04658501498018544
0.04678648013744384
0.046858365361940976
0.04691647120785631
0.04709027579871204
0.04701323943728992
0.04723613707488001
0.047420305904732826
0.04754371469235265
0.04776220195939044
0.047682340018571
0.04739413960655542
0.04720913439190471
0.04733005741504714
0.04725072408304264
0.046913635974891565
0.047018923092752636
0.047218673507133976
0.0471541755003971
0.04703759784554423
0.04724632065921959
0.04722960590903667
0.047242026085140255
0.04736264107436842
0.047508503127186644
0.047599247838746854
0.047924732302118064
0.048167328404115105
0.04794716066849472
0.0480849773319297
0.04844024018041109
0.048505980228213966
0.048499196477203035
0.04843211211803472
0.04848518008885801
0.04829716385136145
0.04851156581250051
0.04846674561246031
0.048724231735266695
0.04862303826471628
0.048619812552114464
0.048881659596733976
0.04896245862027158
0.04909481222766482
0.04887571353917624
0.04901736613203448
0.04904272941879845
0.04888657478118642
0.04903268317009575
0.04945710268742485
0.04934873764096938
0.049737212517074775
0.04982628983508521
0.04960407916538842
0.04977548442407653
0.04974522300933051
0.04987246322019549
0.04984510276330649
0.04981172791417996
0.04995575330445078
0.04981017826738575
0.049842792387920505
0.04984559294841536
0.04998382418672379
0.04998461115927256
0.0499696872546391
0.050052986713133844
0.050232024769496626
0.05040884832021424
0.05060525489029509
0.05108081664444826
0.05141580646429457
0.05196593716243992
0.052432591605568346
0.052420468135432066
0.05224819951997632
0.052232677976345086
0.05226952729522276
0.052508802701550006
0.05263187517561769
0.05235393466127088
0.05247763484788115
0.05259759189028512
0.052691243421267096
0.05260002144001566
0.05262434876189645
0.052745540361779655
0.05272866195489805
0.0529874306761751
0.05315281336325496
0.053239976352614335
0.0532411105866512
0.05307213658474349
0.05318689546930948
0.0532453731683146
0.053679825461578776
0.05430548822267619
0.05570856913391977
0.0569559612246178
0.05829142703439465
0.05927288597074315
0.060773329058175146
0.06142997063485139
0.062089062221294324
0.06282526114069975
0.06380371379738366
0.06465472851099772
0.06576636260962873
0.06636575378597048
0.06717219687583023
0.06831786270981346
0.06995211988455591
0.07146298362393541
0.07189987323705871
0.0709955326809208
0.07111459898183119
0.0709857366139881
0.07099359985565681
0.07074362317579022
0.07080994340497698
0.07092726690843983
0.07089859766703346
0.07086696149833493
0.07060393055750712
0.07083145805812475
0.07046333534773626
0.07015079432758241
0.07001402803033235
0.06974788956896204
0.06963501000085966
0.06917380963222294
0.06878747657566779
0.06837409048987268
0.06755279276256933
0.066299065565917
0.06488570343461057
0.06284462104565958
0.06120418419718381
0.05962792867223018
0.05838640947295817
0.05726799383938668
0.05627788215367905
0.0553728523398976
0.055089698134381956
0.055502580430068366
0.05585968326560379
0.0561878812088778
0.05672024753383051
0.057159151641617514
0.056799571387277335
0.05730165177525192
0.05751376664456216
0.057376772108758654
0.05749226688221337
0.05732352135796771
0.05733775871712141
0.057781488699869855
0.05808200526689804
0.057793125287681775
0.05800477145351819
0.0578874073863267
0.05842954550600536
0.058409642450827026
0.05883811993906763
0.05872109932778544
0.05933126422984686
0.05954094279345061
0.059875927957996254
0.05947332722333688
0.058754080023453725
0.0585381960197792
0.05848063343385959
0.05795903989549016
0.05777173888682952
0.05756650126062915
0.05743624113500118
0.05729850467987235
0.05719195105833208
0.05691387272807003
0.056849372252770175
0.05680945422638784
0.05707844406110412
0.05676176045647011
0.05607109522657317
0.0567879417241819
0.0564336185916842
0.05633524134033172
0.0575482809569537
0.058415423872102856
0.05886706358512873
0.059051298718022144
0.05874488456687209
0.057877795363938306
0.0572304071791279
0.055981616060851384
0.05478189611927839
0.05467463551957797
0.054753645917619886
0.05569204030674445
0.05740960601798746
0.06003994050649781
0.06771475869306205
0.07047277472163205
0.07451655053493801
0.07937189374178791
0.0849174640711097
0.10862612596855904
0.11540132510835234
0.12128051053353618
0.12595641519233267
0.13310361613293115
0.14056179180601958
0.14716226979489128
0.15493465716002694
0.1622466208264743
0.18167991011626178
0.18963423473056537
0.1974961011320371
0.20362131130134895
0.23579729819327158
0.2440381382851924
0.25177225452564134
0.25880335387328063
0.26208290575278914
0.2635200853077238
0.26304220756948105
0.26357924611237554
0.2633845409085093
0.26260196320470874
0.26322532606728744
0.2632930025450322
0.2635343515349143
0.264148960698055
0.2628550634239023
0.2537569972201289
0.25180272665474845
0.24912950190670033
0.24517345126914236
0.23057773939660173
0.22514762095001103
0.2206933126365342
0.2161896813043443
0.21107630622240484
0.20571081197723504
0.19943257732867178
0.19428342412988847
0.12064608996010268
0.1280227572340286
0.13671356422505598
0.14228543730551502
0.14935090286976146
0.1532839434291647
0.15895057218685568
0.1646350179160407
0.16986392797466704
0.1748140742358334
0.18162689770111715
0.186755220210911
0.19119925675356214
0.1953864330866169
0.19867527432817803
0.20264143780766328
0.2062535840078738
0.21064489844673964
0.21431206968176675
0.2176879544147018
0.22118711084735787
0.22538952057351025
0.2270165742794411
0.23066687010737652
0.23203430313710155
0.23505444658469699
0.23247473812418865
0.22886493683271458
0.22528033191918526
0.2214017069683295
0.21743483046045567
0.21261997330215818
0.20829522302099696
0.20430060321288734
0.19914502985285393
0.1936246846782031
0.1884949666631147
0.18319756551530786
0.17806233786769252
0.17159149094506457
0.1657326927885903
0.15788502368850207
0.15267537861672084
0.14838643003619592
0.14623491255297844
0.1450583686700554
0.14245586718533787
0.14006784765760105
0.1370872876653348
0.1344135074800039
0.13214636525014498
0.12927921845864326
0.1257095687675632
0.12371025952215144
0.12046706100980825
0.11723287923041037
0.11359889553632296
0.11053015336995557
0.1070459609980679
0.10337650395538327
0.09822516914568695
0.09427440055898595
0.09032582912046354
0.08874765694796441
0.08679402995377775
0.08079828358329912
0.07782862125679633
0.07492470097546637
0.0718868774420972
0.07033854111817986
0.0674345663208443
0.06528487927655431
0.06439182203509702
0.06465348892900138
0.06666405975771926
0.0713291481856624
0.07424572116530068
0.08048744932602572
0.08660069167752193
0.09375819745471613
0.1028517649159832
0.1091931914609021
0.11832262495713013
0.12821173188673324
0.13755279844173376
0.14661408687257424
0.1586991177786005
0.17959124572077118
0.18823354488148908
0.19891276822304854
0.20699797120557542
0.21896942817500917
0.23051087756417138
0.24172628149444564
0.25294582351042644
0.2603819659022541
0.2755021730676002
0.28743989870731484
0.29902753964911005
0.3053051783524729
0.3048791569003914
0.30384936339088436
0.30333381455735653
0.30041684498653065
0.29778905138627026
0.295286245684679
0.2916234305531952
0.2883001482556023
0.2842394395613487
0.2790955534809072
0.2742029093673072
0.26969863413143996
0.26276373752613896
0.2563427698413145
0.25105251035367854
0.24328619319360936
0.23558356980559422
0.2277547658834179
0.21737966876087603
0.20966951460188918
0.20097240424579307
0.19366320327636635
0.1864011612161664
0.17873921258057862
0.17000504389207086
0.16210674914791418
0.152731905692878
0.14529558174284496
0.13698188807161596
0.12840605972307068
0.12064471484178288
0.11607619443535186
0.11184276498765891
0.10663864818102042
0.09931162892584408
0.09207062085840305
0.08636824853384095
0.08218190569294385
0.07530799902771511
0.07008834113486768
0.06516783433031915
0.05994052938531195
0.057504883535555294
0.055020673053535134
0.0536639916030732
0.05348350700059765
0.05343476005386574
0.053792994477181826
0.05355452442535911
0.05327869378735681
0.05328510739846812
0.05337715564385155
0.053363815426134005
0.05170400761616332
0.050675775874167196
0.04949371786193933
0.048956677886608686
0.04833004491323003
0.04797179318823729
0.046812902529742774
0.04630628285229458
0.044646813351746625
0.043879081114447174
0.042492728094979317
0.04142020471855485
0.04130721913505897
0.04112553654237685
0.04085663954368602
0.040602513650404
0.04088130279813086
0.03957290918589601
0.03875857891159633
0.03805995609558832
0.03718590403549508
0.036635909611819804
0.03553614027914428
0.03502853460218077
0.034046951604438595
0.03344856797120292
0.03296546630540387
0.032802676514792815
0.032539011462927016
0.03283334675028327
0.03287460941041681
0.032404829845721704
0.032404829845721704
0.0320789465528014
0.03197042208582979
0.031332450155626995
0.031697956996106516
0.03127052044522292
0.03161935401046471
0.03088002093546976
0.030180004295433542
0.030059639856582103
0.029165597464878103
0.028803797144001827
0.028253907662647522
0.027954265739648584
0.027450061736974965
0.02690479751560611
0.026485184798117335
0.025877649760460277
0.02588953121121764
0.025680775579886413
0.025242005251033633
0.024894715913000815
0.02465140324244485
0.02368448650978062
0.02339064586910707
0.022402878383056983
0.02255767938800627
0.02218756787426321
0.021243811183487744
0.020403011994359496
0.020076648774129253
0.01905330323979096
0.018212978101837612
0.017262418218381436
0.016652597225537
0.016883749348285144
0.01644833649157303
0.015161737665839852
0.015152628023905578
0.0143206809357865
0.013290503005812516
0.012112925552462302
0.011763375454688326
0.01166766814208466
0.010013526298314774
0.008995911320962445
0.009384003371981819
0.008512239498659875
0.006952968011101839
0.00676439172994541
0.005412868753143906
0.004785698909684667
0.005076445300272863
0.004722404139394523
0.0034148723130471596
0.0027636965954321
0.0028773769084114577
0.0025345393721475135
0.0007699594387259829
0.001540929346213222
0.0032314725641345338
0.0024433687387048807
0.001140812945415591
0.0024986252359302198
0.0040686910126803595
0.0030615199332334176
0.002546413840669978
0.0030981716342182793
0.0038416521113816254
0.004106484469303085
0.004285626785817542
0.004583433370614525
0.005177532778041378
0.005392092850316922
0.0059246340516084395
0.006066848328198619
0.006633522812760824
0.006844393246511428
0.007190956534540743
0.007858548932548011
0.008439585198484725
0.008657699936963192
0.009209102697426105
0.009301777563025871
0.009760111102932414
0.009796347202934487
0.010794961840772926
0.010918330015081077
0.011002726168719416
0.011472624691805012
0.012116470437367629
0.013352544200882846
0.01339636115034863
0.013710342421098465
0.014242650000805317
0.014517287226949865
0.015228466589138812
0.01533262185203619
0.015566783101229872
0.01579486448564804
0.01648505326110758
0.01705117746646851
0.01727694305351385
0.017875412371831222
0.018558990811854397
0.019005799154503542
0.019678895398186052
0.020618841916888
0.021427073417807745
0.022395184241876524
0.023738724695045694
0.024035525590337822
0.023946230385924732
0.02413270233016866
0.02450297356338951
0.024675319578957976
0.02528764255628815
0.025692180601756178
0.02597082676362738
0.026398567721752315
0.02725623847550177
0.02778879277998329
0.02813766380818407
0.02853030200329168
0.029425679555753845
0.030428795299984827
0.030992328610695386
0.032230956946030946
0.032887874699619846
0.03368281120081744
0.03381838026329893
0.034104048250255176
0.03441725310793957
0.034795151458677495
0.03524814098528099
0.03566165145224815
0.03694851530494665
0.03737630912819438
0.03783962351803551
0.03853495164367578
0.03967751165025275
0.04046473438075011
0.04119694577769186
0.041868126285601825
0.0425871991873983
0.04297660007442818
0.044419016510590034
0.04511319232815823
0.04716726697972812
0.04824041840521468
0.04896172903829844
0.04966359627311947
0.05070508169605694
0.05183125719449588
0.051729927208760816
0.05201009005848519
0.05275392009455004
0.052865329917243714
0.05306206030929288
0.05368686122536166
0.054286291631941194
0.05529814149615483
0.05540189863419198
0.05588460056970563
0.056473880706094284
0.05739306642746238
0.05751197648748647
0.05807339110791679
0.058574811101547546
0.05904525080634294
0.05954177468467981
0.060526392789681305
0.06067449292307775
0.061278990061535296
0.06178714019316746
0.06213574927176409
0.06261163800448252
0.06274623957354625
0.063241099318285
0.06355796111382657
0.06347004903090714
0.06369278580934438
0.06439019814190836
0.06583129281875912
0.06523727947296523
0.06645874215440108
0.06667542664555788
0.06789026481104503
0.06851351185265844
0.0698640552633585
0.07015006325954277
0.07064915581586373
0.07095943406510705
0.07238724683629788
0.07270138152426284
0.07267443712819123
0.07384788334695902
0.07353970520953357
0.07388119797330231
0.07495992247323684
0.07540211005396305
0.07611945995817064
0.07635500258979827
0.07665509466549913
0.07711108102532273
0.07732929614447188
0.07725510098742945
0.07777123045171436
0.07804838874615967
0.07888839956341477
0.07927100912534864
0.08009107894677217
0.07963611557568696
0.07970111733483985
0.08006492872237125
0.08040198064578186
0.08073569542369613
0.08090811620946022
0.08077096738814264
0.08099385544103417
0.08159902475314029
0.08154876017531647
0.08183971640038491
0.08202647459770156
0.08231412254358508
0.08283665149973216
0.08307994912548637
0.08437982036103443
0.0851099321009775
0.08573635948713061
0.08661426958824286
0.0871986887273696
0.08810880722720513
0.08823391227336781
0.08973726581320479
0.08982967854904099
0.0899201475416535
0.09064396663467743
0.09097725970389557
0.09142937000681449
0.09186793082885678
0.09177976641883077
0.09215758817212383
0.09233372527574964
0.09259985302535646
0.09358851891258557
0.09501198076068852
0.09604651174408325
0.09700456068298922
0.09833667824691787
0.09940076006635806
0.10001425006693784
0.10141972870333328
0.10278917894469322
0.10326465929118196
0.1044902722432766
0.10513682946178604
0.1056184185219221
0.10620916280444577
0.10679630805798732
0.10757055096857578
0.10832497424675683
0.1088588584637103
0.10897801331739605
0.10954136415071007
0.1102113167399165
0.11100253212439264
0.11185405494332375
0.1129382274354406
0.11370254311361377
0.11418203790374169
0.11557878620420617
0.11671890198782127
0.11746838395162652
0.11929696415918686
0.11988969305244232
0.12108858632820631
0.12176589872087834
0.12268138739046314
0.1234491889231318
0.12434762474799904
0.12582816147603076
0.1267313894164963
0.1275417776941276
0.1289624278701946
0.13168729570996912
0.13145229619023446
0.13201915901159136
0.13359991528475187
0.134381522104861
0.13498734996744252
0.13554966951638545
0.13664139817299298
0.1372057390545185
0.1372389766925571
0.13851845441898075
0.1395317242518371
0.13981990957592608
0.1398438040195361
0.14040128096484242
0.1409168226175817
0.1417193284120382
0.14185016486901397
0.1432471796953345
0.1432471796953345
0.1445298268039462
0.1445298268039462
0.1463821099129203
0.1463551115595351
0.14693918114120355
0.146837409520683
0.1469928392918689
0.1488536156162596
0.1495028568190005
0.15010048797700062
0.15021510408800154
0.1506609864996499
0.15104002024753468
0.1515672297818382
0.15189082231221746
0.15156508510050443
0.1529838906831932
0.15313842042515177
0.15307577851627802
0.15315025107198668
0.15318822054042508
0.15315998662212912
0.1531879394923197
0.15276577058332702
0.152833742223152
0.1529348669800356
0.15278723206058628
0.15295359289833085
0.15289170172752134
0.15289901898989156
0.15305540179663157
0.1539403502889286
0.1541369957311514
0.15439857322456138
0.1549187211539028
0.15532767782895082
0.15543084167163496
0.15705848875627618
0.158211937980959
0.15912377586546944
0.1601364660539599
0.16111691608844897
0.16183705719311003
0.162399366547778
0.16393700828230148
0.16519658325157083
0.16519658325157083
0.16776004321733676
0.16856292510830723
0.1700275185169797
0.17105789737091961
0.17307994565327944
0.17327234192718322
0.17436342876016642
0.17560210545883476
0.17675967550701815
0.1789822406432403
0.17884223852835648
0.17939142408329264
0.1793447838131986
0.18073274911996795
0.18156744365829888
0.1825974185795662
0.1834299529906652
0.18428637773814605
0.18522424386241115
0.186000220107273
0.18664463774858633
0.18752910699740757
0.18798737939383536
0.18845402394598562
0.18890966233654902
0.18966802481574407
0.19049132089474738
0.19097939881184783
0.19281473202788446
0.19411219999759483
0.19526183289102705
0.19604124351718838
0.19770185040407204
0.19912542985154308
0.19969485992792954
0.20125880391396947
0.20231043128685422
0.20284506516552492
0.20428701028543925
0.20508184931701606
0.20574287667680105
0.2070215239316009
0.2075221355860659
0.2080102646555707
0.20827867084332732
0.20814011857734976
0.20869178138826033
0.20949932938120677
0.21018424002864464
0.21040509826317394
0.2109417612593148
0.21206278599221387
0.21310576378444565
0.21417151566658152
0.21500775141026038
0.21663418570299664
0.21763541019041352
0.2189693378280711
0.220211093499434
0.22087044551690363
0.2221832497831264
0.223555284197191
0.22388614959610628
0.22493562594740668
0.2258028721403342
0.22667980396863718
0.2274158022708341
0.22895388718648454
0.23019719620631354
0.23127647752897101
0.2321392357749065
0.23370107197811613
0.23490380948604359
0.23615068319303745
0.23704822904955677
0.23827047233236773
0.23951419784728245
0.2407061712259465
0.24143714931632976
0.24329080494058963
0.24387088810232194
0.2443117089050949
0.2448550936781286
0.24622953330637912
0.24716079276244324
0.24808516765799868
0.24837713197709654
0.24968955318519112
0.25059021084421
0.25205569667017264
0.25225820196000176
0.25348982753949056
0.2548094750666762
0.255594688821909
0.2566555889760609
0.2589374923193801
0.25968231242411105
0.26145422873806695
0.26271669154950733
0.26388548734671535
0.264803131298561
0.26611046191390664
0.26693965237300166
0.2683005088560077
0.2691333394082047
0.26940486122225965
0.27047172601466923
0.27119830127672695
0.27230924730151734
0.2730306907509353
0.2739625632463428
0.2746728341380084
0.2752399355212672
0.27650522396405164
0.2773629412400465
0.2782601224990367
0.2786320372156478
0.2791368883580428
0.2795161800446352
0.2797042167877774
0.2800061526882203
0.2801582623392707
0.28096112378175553
0.2820368054977085
0.2823448675269541
0.2827838834574422
0.2835958986740204
0.28473772002840325
0.2860527902332773
0.28718438784509465
0.28768078604740516
0.28838413403927793
0.28977492232496005
0.2895720004225902
0.2913243450484557
0.2919727664201441
0.29284967345097723
0.29361663350786277
0.29531927814468806
0.2976679079568697
0.2992466598374817
0.30078012732899
0.30300811607292083
0.3034934784837728
0.3042578985843566
0.30470613824115605
0.3052958634833819
0.306571045721823
0.3072001647800565
0.30926943609158747
0.312494054502225
0.31422716002806717
0.3163125108930829
0.3189620378726306
0.323099665038571
0.32727700127224324
0.33287801040175125
0.33773529869965246
0.3432386209451912
0.34827737559319943
0.35141929272152794
0.3573999471429514
0.3616577418518121
0.36666963812881986
0.3748072591084776
0.38061537412624774
0.3875275606904502
0.39231616680949744
0.39764034559238015
0.40542840144723047
0.411305667550128
0.4198654308401325
0.4271034329540577
0.4319658087482547
0.4385407358906401
0.44593736615271407
0.4545933713823579
0.4632983363656863
