0.08093502200716464
0.07994542878379536
0.08035364651620937
0.0803290678660239
0.07712596251969757
0.07509999823788553
0.07222797396981598
0.07151040770328036
0.06818502714710406
0.06881846043513176
0.0652602419151884
0.06338062215233244
0.06123937937487197
0.06092362863533092
0.05834456273521767
0.05733412155837768
0.05698976683256882
0.0567786371091823
0.05727152663246079
0.056866923043532275
0.05779094897162963
0.059395740604516294
0.060969229363545555
0.06318539538853088
0.06495223585217887
0.06671581790091226
0.06983520302068316
0.07277214210544185
0.07580695162264643
0.07877168042647445
0.08168330592424544
0.08551347128311174
0.0903444278764221
0.09504721879330405
0.09953597116781267
0.10452972893877681
0.1100113525233275
0.11545907499089472
0.11787588002427185
0.1185510708172801
0.11803708962129644
0.1165095795040564
0.11571692138034363
0.114377389752083
0.11220917915946614
0.10979580877425293
0.10780170008667123
0.1052628647298685
0.10229206334997944
0.10031830855841901
0.09672138897901814
0.09425550132466978
0.09073384367247818
0.08854266972229934
0.08846568208979999
0.08487548466649474
0.08224755351371256
0.07833507251886893
0.07623662629077065
0.07303921686391103
0.07054538262221696
0.06795082845212484
0.06508376667837963
0.06319357937977892
0.060734971613979685
0.06031199403219997
0.05721533409155884
0.05491372252562648
0.05396365406678124
0.053644214180432324
0.0531385981470071
0.05303571657584421
0.05350979741584054
0.053633114550947374
0.053477516752597716
0.05328231951109799
0.05281919246759594
0.05294197470859298
0.05234874842669876
0.05197408214744425
0.05115615060713976
0.05109684820996451
0.05156343056649567
0.051062610264683124
0.05091062457462497
0.050449764341810505
0.05039983764166301
0.05057918080530187
0.050537836776000135
0.0504136252053694
0.050677573921547
0.050068567170107485
0.04944054778569305
0.0493873406497767
0.04923522823863032
0.05027695249249225
0.050252896453796735
0.04880965548809211
0.04890901927140091
0.04886858021459151
0.04853606633555589
0.0483948182105605
0.0485474274335963
0.04848613743975118
0.04836337505640616
0.048496682714434435
0.04853431210849075
0.04869362987068921
0.04972806063733021
0.04987607024131293
0.04979181826292148
0.04950296203624231
0.04956202012756669
0.04922952315107463
0.04899557594474135
0.04864233574137537
0.04768132056136069
0.047798537924043656
0.04784168523783275
0.04782610502315639
0.04893365063727566
0.04850580407383955
0.04797257786421258
0.047810454697898117
0.047862256422396575
0.04772781515632327
0.047746264113506305
0.046925200891360326
0.04643828362076679
0.046122930989233146
0.04525619383779081
0.04504342119694531
0.045147532041540324
0.04506472963879702
0.04497358115421986
0.04494040426068239
0.04476982178120219
0.04432397742638949
0.04437056597299139
0.04547136049114308
0.04535685328612497
0.045333390171682274
0.045387268856206614
0.04542928034256528
0.04529452065891049
0.04501167248558838
0.044710555221238714
0.04444291803375962
0.044264954921527766
0.04409188560687528
0.044006310914848655
0.04398392252364134
0.04394479682431159
0.04382043203858187
0.043753686449861905
0.04413461561681837
0.04466987472082721
0.04496481266531826
0.04428910363513075
0.044189774004339
0.04409361360109057
0.04377394376204518
0.0436626590744398
0.04366530305809083
0.043275502077079565
0.043121450825203266
0.04317084778600541
0.04348771522688428
0.043102830596732006
0.04276582502136971
0.04242739082612629
0.041853971457753866
0.04262393332999691
0.04248051621865548
0.04027254805515639
0.04078587972325559
0.04065100997965612
0.040519643249602916
0.040314951838483874
0.04036167900206283
0.040168016220097136
0.040169032273749974
0.039968890444811306
0.04009634619441712
0.04005270227657708
0.04063931329192419
0.04036920702634298
0.04112764188354645
0.04149084949794423
0.04022612936340545
0.03857218338310009
0.03834133511195796
0.03763232944341987
0.03733010302907194
0.03717683306941475
0.03704819545030374
0.037713503766285315
0.037723064052107944
0.03766314975407337
0.037194729310753155
0.036508923508417765
0.03634710565524546
0.03697990263047379
0.036556764865854324
0.036501836022396886
0.036288515780763614
0.03643905488192804
0.03590869621869849
0.03549203001731327
0.03434758387549579
0.0343650246770458
0.0343822017620159
0.034344076868643644
0.034218141892031935
0.03409375774866831
0.034269246848368025
0.034525068370785686
0.034792164276520904
0.034943677220513676
0.034983402357944844
0.03566607539863426
0.03573924878871985
0.035842229089566136
0.03526447940896889
0.03521851493655348
0.0349314265744858
0.03509587453301191
0.034707380292976604
0.034335613792088646
0.03428538326861163
0.034215256053504034
0.0344419173930217
0.034397549649464655
0.03452321167523712
0.0341091476637318
0.03444256644744583
0.034932032959422994
0.0349048296804707
0.034816822397618546
0.03476087981858814
0.03495917169329916
0.03503360674602563
0.03602424907320686
0.03517970960039162
0.035328010037273296
0.03477037751992329
0.0343002693320144
0.032992998842918946
0.032770669367693794
0.032308538166826134
0.032280021536803934
0.03212584839186924
0.03278448076853542
0.03203710271482344
0.03076811040255717
0.029777075617791495
0.029661332056728024
0.02928640108253394
0.029177448341172765
0.029072597014090484
0.02931207240145976
0.029344172630586363
0.02938009450039932
0.02967847641504297
0.029831463545409376
0.030190845858754426
0.029812197755202573
0.02955631170348327
0.02941750522286185
0.02838293374941022
0.02809627260209699
0.027572680499689518
0.027282979280783534
0.027012444323654287
0.027140787572078478
0.027042762105655132
0.02774685286378773
0.02706998411965259
0.026877150632570596
0.026549473382867613
0.026953079629452183
0.02648738730014084
0.02605245282620426
0.025227590967789214
0.025231229164593017
0.025197674952195222
0.02572311386686964
0.02561549319824369
0.025287603845068857
0.025195928519046305
0.024967538789260554
0.02394710568303688
0.02371721236681899
0.023489559272061304
0.023415926713798572
0.02335139942678507
0.02315017897610571
0.0230722325521264
0.023046440240956152
0.02305607460860232
0.02297350157511631
0.022690532287240665
0.02249352042298888
0.02223597640498822
0.021524656220807476
0.021660667491826973
0.02115791643599194
0.02101020806327305
0.020393853772164985
0.020837532302180956
0.02106902757703696
0.020324584501831663
0.01941835421863846
0.01870798481404383
0.01830660226796274
0.017730025630172966
0.017385961011512668
0.016868611072755182
0.016891323357802236
0.016802197213236197
0.016791606995758948
0.016866436211381463
0.017507745590581925
0.01763917732609174
0.017518106098532216
0.016906837265083914
0.0157479581794585
0.015175204717009323
0.014950427492248917
0.01489721735560627
0.015096526694592922
0.016203187875922207
0.016312817397198455
0.017120860444278886
0.01791591823949835
0.01881767624086558
0.02020177694762883
0.021738522229584525
0.022217967609458256
0.02246863307565482
0.024050084557104383
0.024090643517259987
0.023913898468489295
0.021537480187219498
0.019219648411059113
0.01638002522941338
0.014930045859658044
0.01284523394755406
0.01119532412258369
0.010053308967620616
0.00838608610874654
0.0066376096645612585
0.005634124582955267
0.005126475301337983
0.0046432272004602185
0.004555083599278282
0.005039922468683404
0.009520949167567398
0.010403026262685366
0.011200866554138164
0.011843135807830425
0.010937560050418172
0.006935063194268244
0.006334593269302842
0.0058992213902997834
0.005535064928790544
0.0040931432955786246
0.0035428326390029665
0.0025021272383633176
0.0022383095883355703
0.003014524482638993
0.003336560302786664
0.0036499440709872565
0.004015007983003616
0.004455179788545021
0.004912358219570585
0.004314305214714053
0.0038088437783227315
0.0034345903047175827
0.0016163373178435558
0.0019830546339151575
0.0021282356381039378
0.0021861989349426982
0.0030841245463107633
0.0030157855074418906
0.0038633770986410037
0.0036176634349124833
0.004124440139771789
0.004587375204020381
0.004932431612452819
0.005798685031863645
0.005918833807752266
0.005557782151848396
0.005344837966375152
0.005205690292935484
0.00501134663152521
0.005188488804983057
0.005402383135508398
0.005777050134733676
0.010842160913722235
0.011198181301536842
0.012357033036268858
0.01310237885352918
0.01387860111143552
0.014969022795829184
0.01814857588030251
0.018986926057089553
0.019279737736180965
0.02713647981194479
0.028166049792430498
0.029012123097995227
0.029792391696293528
0.030534757403305544
0.03129187690321736
0.035303324437824884
0.03547479156646801
0.036191065690424185
0.036754728846979806
0.03735486441448475
0.03856057485599013
0.039134362305888154
0.040035057877436074
0.04066728671639116
0.04708443685871238
0.04807096774443051
0.04882833555120748
0.04959046443489677
0.05013234185131622
0.052033812236198775
0.05254508384956982
0.05281023059116842
0.053400822952370676
0.05814105425104673
0.059075137771116164
0.05981497671609081
0.06049486623470157
0.061280207197356315
0.0658852509552218
0.06696005792133339
0.0675799867912886
0.06839855384504143
0.06894074275852922
0.07124622874920651
0.07184295738029861
0.07188205472743857
0.07263686298693002
0.08046237438315382
0.08146075345653918
0.08268624626756936
0.08377098272444755
0.08491134536075401
0.08615115362943854
0.08248488494080866
0.08103621990997859
0.07997200340964646
0.0786727137384161
0.07765090758973961
0.07242952743561548
0.07180310958964976
0.07140264461240993
0.07049151068613402
0.06995667147814252
0.06945163201369804
0.06835954259360458
0.06793752456161692
0.0675853973867598
0.06560855463752896
0.06532504030358782
0.06501792511129237
0.06470382995868099
0.06445322990819924
0.062328286232752786
0.06163245312321624
0.06084999959476522
0.06003830940054369
0.05816535114496603
0.05711390153953367
0.05657852631916446
0.05560570142120768
0.05444765683791544
0.053179843884121676
0.052331693411720136
0.05181994904623702
0.05163370494168697
0.05144646553468379
0.05141265119487515
0.051389581818875256
0.051362594886247497
0.05128229933996631
0.05121831374644969
0.05101428765258163
0.050622063279245115
0.050167579185853114
0.04970977167249324
0.04949946135840356
0.04870525724013854
0.04858794999180519
0.04780783323721949
0.04760654654466291
0.04707566233243484
0.04717595665992246
0.046949197422417425
0.04647293620655112
0.04622379986984847
0.046153805291176644
0.046002948191438554
0.04596734746579742
0.04585134684147678
0.0458853274067075
0.04586018695322573
0.045873989651078466
0.04584338043320394
0.04585797605165927
0.04586266064908789
0.04583831855030353
0.04577284078318277
0.04567464509168293
0.04557254715574783
0.045284203074839394
0.04527626180862936
0.04531379411839766
0.04512146172165679
0.04452353831546122
0.0445741071162584
0.044661055849806404
0.044655141316777044
0.0447395850773095
0.04568276482807563
0.04572649376746102
0.0458501059594229
0.04588160891375185
0.04614457953384486
0.04628419762775964
0.04658812604234334
0.04679191333477593
0.04704737191641691
0.04712694420442374
0.047376486428616305
0.04736874058626558
0.04743336090645998
0.047555812588641
0.047601453253002704
0.04763341450686692
0.04781266699017259
0.047908381906772324
0.04808039918154963
0.04826081101059977
0.048398515381191526
0.048295222525757506
0.04843799808221401
0.048339673792885646
0.04830631769540347
0.04844272641550036
0.048349747880870354
0.048367606793587564
0.04831978110515644
0.04838514897085219
0.0485452502056906
0.04869509637069726
0.04876768458753495
0.04886849834390328
0.0489839859406037
0.04836171905598826
0.048531577774381836
0.048763264492300125
0.04908089915947126
0.049310015115349215
0.04960228091993723
0.05059375256633663
0.05092062539609874
0.051384012904188696
0.05184653540781895
0.05219627888953884
0.05249792687759469
0.052602406334773505
0.05237585095887681
0.05239940867157276
0.05242196039543994
0.052382582981902716
0.05224077878742462
0.05241164337650513
0.051765656861213497
0.05172331426144457
0.05203395007929858
0.0521672043346503
0.052242962738045164
0.05317424633268987
0.05334953112031614
0.05324598265118904
0.05307114192458926
0.05326474686051918
0.05347992505931522
0.05400039863536333
0.05458206373969575
0.05510054169476607
0.055648413061881806
0.05519345280030636
0.05522798295687738
0.05549721853249454
0.056321808789341496
0.0564967208025372
0.05663980306184637
0.056833930823085806
0.0571815596686128
0.05729672685326953
0.057637348055802534
0.0579401007167498
0.05803814974998613
0.057661650431217217
0.058604470054737116
0.058317432366485164
0.058453929932583346
0.059422501193616584
0.05961419881522819
0.0589751166330694
0.059937295900699857
0.060119384019916906
0.06009774261509817
0.06025609283621218
0.060378428629973196
0.06043772764349009
0.06054937871227573
0.06071359179188577
0.06086302137808155
0.06085560259900125
0.06080552485909534
0.06024471060663798
0.060293151140375395
0.06082026580288872
0.06093060411571498
0.06052081206732816
0.06059727409484644
0.060806290143041224
0.061756917091467606
0.062016774364635784
0.06233641818095791
0.06279933831655904
0.06240846014317917
0.06275532598467913
0.06361634869904986
0.06328056354442081
0.06419512639635944
0.06425313093852808
0.06443363743808721
0.0645472821987525
0.06401090780488716
0.06415507969270645
0.06503255719657362
0.06524113391314292
0.06555014916695588
0.06591512126814034
0.06547093959521642
0.06594413415302096
0.06738733665374255
0.06786772991922584
0.0675955475727164
0.06781324089109371
0.06791055050784854
0.06790467460709701
0.06806851931388493
0.06858876699162035
0.0687962686323228
0.06912660515383046
0.06883800360379749
0.06837756292069047
0.06849231567277235
0.06857248630416758
0.06867174325675962
0.06884268872563397
0.06967888709656267
0.07005462130295811
0.07022720930061659
0.07040762624870385
0.0703190378307593
0.07025263985523524
0.07032632999922592
0.07084821284360134
0.07111569262363279
0.07166829884674597
0.07149466324395021
0.07132330767005254
0.07084983374690892
0.0712344633008205
0.07138595218933166
0.07152170093551989
0.07159531924783326
0.07162330976271562
0.07197842183665466
0.0722479439547177
0.07316115465620852
0.0734642177231062
0.07356513888363023
0.07363294036005669
0.07388279368328618
0.07431420701486495
0.07455837151106133
0.0747812921594772
0.07506482994200407
0.074746128637908
0.07536763225743291
0.075524344996478
0.07604136938699459
0.07658009519054472
0.07768113685852945
0.07800923174254179
0.0778022159445262
0.07777784530458184
0.07789508778473185
0.07723453469298751
0.07726709136863878
0.07829754078920274
0.07828169973518628
0.07790374916004263
0.07908732246725568
0.07903555230238898
0.07897455132180148
0.07850525037692568
0.07885202216450012
0.07909210111141286
0.07925895458888711
0.0791354667602187
0.0792220008072318
0.07936108921202199
0.07922990179323097
0.07924304034225367
0.0794623208429005
0.07958640257983972
0.07867445159460042
0.07951723885672098
0.07897025558271555
0.07965293642193716
0.0796216601492215
0.07968274342046829
0.07990031276434638
0.07985899070827301
0.08003193867062885
0.08014884793190755
0.08025947765210509
0.0800805405425039
0.07929793243769377
0.0799488529624178
0.079894300480069
0.07983830166901902
0.07963087186118455
0.07949500290090243
0.07946403217738406
0.07918692911359453
0.0790221512502911
0.07890238474627578
0.07857778497589488
0.0785305278447809
0.0785625242048558
0.07754501122721782
0.07844337673527838
0.07746284587083463
0.07734391886756094
0.07735174525005982
0.07742391225252043
0.07732142893521636
0.07781099195374558
0.07767827308352941
0.07766152507430955
0.07785443774878345
0.07782624565780892
0.07783778016802279
0.07773652936876557
0.0778469183598037
0.0777591854987049
0.0780209476252937
0.07725072898005013
0.07803620298895168
0.07786756342171157
0.07773508814608752
0.07738759784192743
0.07754779330050802
0.07750577630090057
0.07767393553652786
0.07772279762763284
0.07786876252433107
0.07809002995291099
0.07775338080810094
0.07680301436095538
0.07757594232192902
0.07763801030895906
0.07754079372330736
0.07694040143190281
0.07752565387739165
0.07742249213328452
0.07749408236967636
0.07738123185429342
0.07712547075234219
0.07701619668763743
0.07678929234280692
0.0767190567818384
0.07578971595322108
0.07652680727262513
0.0770018975549734
0.07611109041686769
0.07587072348594585
0.07562429443980215
0.07570082789971971
0.07544881172304038
0.07537484797172196
0.07504840940402399
0.07512246799976936
0.07447057460106925
0.07447094618817897
0.0744332684306362
0.07449245640523679
0.07544777560936364
0.07524271227340705
0.07516664951371461
0.07517814911421339
0.07509445383715714
0.07513013444201773
0.07504882917601585
0.07495941300750047
0.07502329556359479
0.0749181406682842
0.07491857632144881
0.07511231484170336
0.07409576137034914
0.07406126376880681
0.07402098357337382
0.0740535484791451
0.0747263176030425
0.07457463757895304
0.07452503448717226
0.07433747792681243
0.0746167508922536
0.07445999406575873
0.07442858329760974
0.07450616476492916
0.07451228015236766
0.07450052712050317
0.07454503807124702
0.07459902129966359
0.07462393243648872
0.07449081010721487
0.07359105548213107
0.073524469575587
0.07340801467546128
0.07330501887053349
0.07294683178910526
0.07334799609095456
0.07341143853909568
0.07316992877940269
0.07311224797978833
0.07315397176274062
0.07302750184326667
0.0730027055835737
0.07282862554275044
0.0726758950249081
0.07188452922967045
0.0725159279640365
0.07237853023253224
0.07190129635505042
0.07159601161219822
0.07154917756713232
0.07128702524786559
0.071349339463436
0.07123840797836957
0.07116966669170303
0.07094619719306135
0.07098826144616825
0.07089497405553177
0.07022474545619016
0.07108197277035196
0.0711193125281917
0.07084490553528042
0.0710318856503946
0.07116927024473237
0.07127217643770287
0.07126015743343321
0.07128882460873648
0.07125852942123553
0.07152572715305722
0.07140604160115753
0.0712218381795307
0.07115919926753457
0.07091484035023528
0.07086771746821346
0.0708305012405527
0.0705676211085513
0.07056130195803992
0.07049306642129187
0.06965306789756001
0.06948175362796052
0.06936306843248578
0.06933978809588093
0.06922724041664705
0.06967290923782316
0.06972803849039372
0.06969109798114206
0.06970279823635633
0.06985901947231757
0.06967319093248354
0.06947010518860273
0.06938980571012376
0.06843000703962011
0.06830415667887704
0.06808145710220495
0.06877106154434204
0.06835731069577472
0.06827463729686649
0.06818615515990174
0.06814522541929854
0.06812726277857234
0.06816970492688319
0.06846084380350079
0.06807402480290922
0.06822625000420134
0.0682373100905296
0.06823392492583656
0.068413623841218
0.06929237788699288
0.06898310759594471
0.06851054346564578
0.06837866633221769
0.06827036513174452
0.06819567808879684
0.06800294078261707
0.0678487017607963
0.06788537108453956
0.06800751050896137
0.06810626513744988
0.06810626513744988
0.06734318542659852
0.06722314072991499
0.06802844436228317
0.067975733039838
0.06794243063859888
0.0679243244164173
0.06788480219146249
0.06787623911160053
0.0676863333101209
0.06771148164029839
0.06709133109312025
0.066986473336011
0.06703520737647654
0.06691731975069526
0.06681032988144814
0.06670961586856561
0.06672882639344152
0.06670076766229835
0.06668884345795081
0.06671909057276734
0.06677249579377226
0.06672785849286508
0.06665868675821877
0.0663803278736709
0.06630781571054718
0.0663396387400718
0.06636002857215183
0.06670464811586936
0.06669440693236385
0.06664723423425747
0.06663649608807849
0.06612316524712154
0.06644589036371014
0.06630979425330882
0.06642649537879537
0.06650391114841915
0.06642532701402215
0.06626936333422381
0.0661835448481343
0.06621653834982409
0.06627505932982912
0.0663500776316014
0.06602382093610928
0.06666563269769017
0.06580404737994025
0.06574219083336219
0.06548527473627738
0.06519835615216972
0.06494946364117488
0.06477394280873532
0.06452213291981891
0.06462793168532463
0.06451503303620021
0.06423585044285338
0.06422533396788598
0.06430187439711958
0.0641459909231317
0.06429518358882874
0.06390809195254914
0.06441873805586452
0.0646095653115371
0.06420637368494443
0.06380976262435262
0.0635108547740711
0.06318032406676591
0.0631115055426958
0.06297931510964784
0.06276443942250283
0.06250579947490979
0.06245616313170484
0.06193276552612211
0.06258370788691515
0.062498222748956486
0.06261052509994681
0.0629310877286911
0.06295999185154447
0.0627370117977633
0.06244771342750707
0.06239628867622609
0.06235383022262583
0.06222726634220371
0.06201797646099971
0.061958839131380214
0.061762052376895256
0.06181177958013179
0.06153294746700813
0.06148899068708662
0.06133112077077864
0.061257907048214315
0.06118940207208133
0.06033114649272485
0.06011357972891471
0.060986830488813905
0.061051633934129435
0.061118374205852824
0.06141557978657542
0.060936615232013824
0.06083354433616575
0.060755765642012724
0.06076618790953379
0.06073057746231338
0.060577729311462304
0.06021558940411759
0.060442806887925436
0.06048139277321234
0.060306365361673046
0.06014775735914653
0.06016794369796482
0.06022825804859758
0.06062499043299178
0.06029853553733014
0.06017491283388369
0.06013104052901979
0.059779136204266614
0.05983218596842919
0.05970682061698198
0.059455789471230876
0.05916727690986754
0.058985066816972354
0.05883210954255055
0.05863125649413246
0.05865131483698002
0.05835877307023292
0.05811357985121073
0.05809770671316773
0.05804670215929491
0.05803927644789453
0.05769731334592431
0.05755360264381786
0.05756913657793888
0.05743936738177799
0.05714490061786125
0.05684718444113405
0.05671395876635967
0.05686794552205218
0.05713225356775919
0.057036087695739326
0.05710614398605846
0.05728169516548596
0.05720473996935204
0.057336935018371296
0.05718082230077689
0.05706420415097337
0.057201909304079944
0.056818398436207146
0.05641726839458634
0.057101683028845086
0.057141443035704176
0.057291375100048246
0.05735231019510817
0.057358714270725454
0.05719818938745071
0.05709295294988994
0.05623855315536301
0.05686458842141717
0.056419179005341366
0.05570216629930699
0.05570216629930699
0.055388722027894535
0.05507630735624443
0.05446771838845539
0.05478596411572233
0.054158507217667275
0.054312616222825634
0.054621258453701374
0.054700384400755274
0.05477527080993723
0.054734599216365004
0.054071400150985625
0.05394619839712395
0.053412901122213634
0.0533303783514809
0.05314964643824762
0.05285864322975026
0.05291934208599711
0.053174701015098795
0.053224542631359915
0.05311493889057087
0.05318227114412088
0.053250782205448544
0.05317630588797422
0.052635422621588046
0.05238127608208729
0.05236415011923601
0.052100983913291286
0.05228209349625234
0.05245848509275024
0.052189798496488735
0.05177439587674484
0.052581660331486146
0.052460490209864576
0.052435285082698777
0.052368721444200336
0.052342863426345344
0.052244295698015475
0.051926144319793144
0.051700260124604006
0.05141681241230615
0.05147859891942904
0.05072806016986172
0.05069745002953661
0.05072299203695194
0.051038543631525664
0.05121490382768634
0.051311203109222416
0.05149237226811504
0.051628435382757284
0.05236349691241537
0.051609168138297266
0.05170035414796193
0.05155216072379839
0.051269580550683286
0.05130014071515485
0.05125728697946044
0.05122487046236236
0.05124095005191118
0.05105892646774408
0.05105580475017782
0.051025575578610906
0.05094303734894907
0.050853807541316846
0.05084817916574658
0.05085829980994666
0.05085514856420278
0.050878450723844906
0.050788416145625626
0.05059941379355883
0.05063306848024583
0.05070845286868337
0.050681066917575866
0.05067056352454016
0.050749224360607414
0.05085293946723301
0.05085664266443708
0.05077469189261408
0.051118384225806446
0.05101239390869896
0.050980054670308896
0.05057828993607858
0.050433995204691016
0.05025496958942367
0.05014900806402237
0.05003438917771844
0.04969001782899899
0.04946538077008505
0.04938084828855937
0.04918278195704929
0.04925149967232705
0.04911902273425107
0.04893037825459926
0.0483524408489158
0.048390901820061116
0.048522385978614205
0.04839825845134905
0.048339110874458975
0.04839165386555393
0.04844934290256856
0.04854395611150882
0.04857221599456743
0.048243130326684015
0.04848087232901721
0.048542371612777614
0.048774751889563164
0.048440925440929324
0.04847928271063925
0.04864772135710554
0.04846713416402581
0.04855403521979266
0.048322176307878946
0.048213839357525726
0.048030880390412534
0.04802305362196882
0.047957190217569896
0.047940561135746664
0.04783030350888939
0.04709425979922678
0.04730234644436683
0.04699930972447933
0.04710119928167561
0.047114025556396565
0.04720990744925273
0.04704870936616819
0.04690146353323488
0.046949042250200676
0.046904680028967354
0.04684488827597378
0.04742109879837377
0.04696471866436201
0.04707369086414787
0.04689108548775896
0.046687945767561655
0.04666393458015024
0.04610761066428606
0.045769995579706124
0.04578869724585147
0.04582178608748962
0.04553632862194483
0.04519920877725284
0.045400541931361185
0.045130421117741314
0.04479445568559824
0.04439042327288623
0.044510622071426253
0.04422962372390483
0.04375312875610856
0.043600880348687504
0.043600880348687504
0.04336631514778044
0.04309792718121364
0.04291132238031711
0.042641328708713
0.042559968104459105
0.04241241467668902
0.04246731779112011
0.042364312077751466
0.042264526887588284
0.04233628603351249
0.042619966678427865
0.0425527443407338
0.042644080573365765
0.042603460539682156
0.042520474393523126
0.042322053380737946
0.04239108934466692
0.042434715459087925
0.04217574780736441
0.041797920379411845
0.040309193569787016
0.03997289650472234
0.0404718694593408
0.039486205797398824
0.0406024583023635
0.0405074206431797
0.04036037514872391
0.0398953745415209
0.03860991131215086
0.03941427570853747
0.03926299736517759
0.03930348234793709
0.039604401978881154
0.038895758385208805
0.03855700952065829
0.03839802114342497
0.037952215810082936
0.03737217599529528
0.037103927895707996
0.03656162584283642
0.036355420069653074
0.03634316892148018
0.03600344357290608
0.03559793918041087
0.03497555997496234
0.034679724666895576
0.03458420701001398
0.03420569369432687
0.033947494010433156
0.033599471467814196
0.03353684817885196
0.033587547009744735
0.03326922537511983
0.03332997943436618
0.03360215247528119
0.03360070847457294
0.03373417172634973
0.03384807639785536
0.033775054899319784
0.033677244146529756
0.03367558918734633
0.0341167169091201
0.03419895021663127
0.033811157107828074
0.03404206701600599
0.034121138161610394
0.03412747321386918
0.03416923832410647
0.03334951155317727
0.03314646683054406
0.03324983139379557
0.03300581355908619
0.03277073526756174
0.03285793957674852
0.03272832912258098
0.03273063256511538
0.03252315962123936
0.0325136949287977
0.032313832589602375
0.032042320033422785
0.031693513773162554
0.031722731802800934
0.031619121352009984
0.03189521756002613
0.03206149180211474
0.03184378011383124
0.03099735214115567
0.03100828175398705
0.03100265249188534
0.03100982200625692
0.030391785549487665
0.029869671592612123
0.029819552560152687
0.02987687683053945
0.029535419502922353
0.029916678890074915
0.03004741885265365
0.030054212796726498
0.030176820049823954
0.030313026498666316
0.03021787338221143
0.030176177502460003
0.030243882951469563
0.03026968239000858
0.030177669913105675
0.03013878916226266
0.030209841245106967
0.029999885929765085
0.029934776112499503
0.02977610553454847
0.029571550278703826
0.029311406973941745
0.02899333476464543
0.02886962372664452
0.02845215804580712
0.02782120986673524
0.02812872472947725
0.028047393067825145
0.027731505586495002
0.027333016864500875
0.02737032622265941
0.027352588187778734
0.027441760226685753
0.027463393871037522
0.02757064261919329
0.02744811030919672
0.027516536161304603
0.027749833374987792
0.027467682698557823
0.027000321772487738
0.026294555641680255
0.02591635730453756
0.025579889405719175
0.02535848931215393
0.025233618542999558
0.02523193275665863
0.025060969551454954
0.024941803671467033
0.024919952284178395
0.024864831854517887
0.024875304577368532
0.024619134241752667
0.024073307890366755
0.02392802983785768
0.0235647111706859
0.02357487970186109
0.023718848774842826
0.023771641773154058
0.023706188121026556
0.02383665963157676
0.023665958258788915
0.023733177377606992
0.023877449931949152
0.023814364432376486
0.02331394387927006
0.023018286154695825
0.022583956590027883
0.022459283444863663
0.02214691320649947
0.02189237199455954
0.021870018202489988
0.021734937477584173
0.021413526755394763
0.02109795701754149
0.021461354796328068
0.021322690040427392
0.021201835072433495
0.02131170813369607
0.021069137943616634
0.020784753964917035
0.020628886655454384
0.020476219778981973
0.02049142220399298
0.020580752003574038
0.020379810641843184
0.019978273205477518
0.019683190509016617
0.019479842635474424
0.019137914639275815
0.019086383827953017
0.018853690621174635
0.018844605468403
0.01869318583423729
0.01829701975918366
0.01785227716026498
0.017650911649072346
0.01751612866289699
0.01729562302594875
0.017378758262906833
0.017591738668638956
0.017453648322793423
0.0167878570866164
0.01621584777632011
0.0158460610907069
0.015459514793892381
0.015227862764642056
0.014963493341828556
0.014931261286174285
0.015052368060613814
0.015334997616675564
0.015827622715225413
0.015817483724819822
0.015175582577375318
0.014457216168528785
0.013723840871326547
0.013348444421704145
0.013114707192711484
0.012828025338267667
0.012812097119083727
0.012676865930026017
0.01267355947559245
0.012898979128031784
0.01302173370517193
0.013627971382865506
0.01264957974438842
0.011361552249920501
0.010400304827756337
0.009457726342695443
0.009006039908936251
0.008349206910758867
0.008284227200434221
0.008241151653523066
0.008329089846010454
0.008433549065537832
0.008525241524993132
0.008599687916424542
0.008233359837483927
0.008104002656846201
0.007941025382812189
0.007925923213762072
0.007897451676164463
0.008005542851223806
0.00820383509961882
0.008061921303132314
0.007421357898212975
0.007291389025304679
0.006808618280054426
0.006018987838261917
0.005049268995049332
0.0051341424901990415
0.005545889440778897
0.006250808196144217
0.007006563845363466
0.007803477996710593
0.008872529991178907
0.009832766954598645
0.011097386394290623
0.01037539039633836
0.009007571543187872
0.007124987306559845
0.005900507975453197
0.004502956917899151
0.00312136937463625
0.0021206698502331373
0.0014456083187391012
0.0013241179980001407
0.0020740690250278275
0.0025300382163596655
0.001037586315966091
0.00043304396810285654
0.0015162093881609337
0.0030732189486458554
0.0023103647178433964
0.0016649692401376525
0.0012962308585637546
0.001773569416716901
0.0019359391979938858
0.0020307986158658448
0.0028624224623619797
0.002800174706596597
0.0024759104711281257
0.002867728794324098
0.00324345853257366
0.0028777001812714605
0.0027082998750601233
0.002743052865991081
0.003048707818140225
0.003214389696283807
0.0032484752496789396
0.0033820030471605964
0.0035373331866047184
0.0037020567922528918
0.003860361879848268
0.004157181272976793
0.004433517763314359
0.004369994292181385
0.00466738875017501
0.005328436150676454
0.0057431575612332045
0.005998189954028929
0.006933961730256304
0.007606999528156604
0.007964641580359083
0.008193681570161059
0.008320606913763814
0.008514583658241906
0.009148946813780229
0.009748763099559615
0.009810091837359173
0.009971437785294225
0.010520051328050294
0.011413132128450701
0.011389600846696471
0.011652650362857344
0.012046465764901723
0.012599168580811754
0.013410277464541848
0.013890642944800701
0.013949865462880339
0.014430767269480883
0.014948243826093319
0.01581243329879024
0.016237880533039074
0.016301103405198067
0.01655704515065838
0.01696670496591532
0.017313738128657153
0.017930263594425084
0.018652380044864046
0.018709222809347312
0.019062275332157954
0.01950724032901456
0.020065859768789877
0.02072653311893896
0.02106086714223204
0.021294538493347035
0.021526852755735768
0.02202756581383359
0.02223333118472026
0.022587962504844235
0.023002104683362123
0.023354351145100913
0.023469668798558458
0.02358163288933804
0.023827001540002956
0.02402847476212977
0.024421312537002124
0.02469632466997624
0.02516302929846929
0.025501800534405695
0.02600351417305826
0.02648148499041575
0.027190386052141337
0.02774091019641633
0.028391382785573734
0.028785903646965635
0.02950725919157463
0.030009903243319827
0.03010351543921018
0.03113118274254526
0.03195261353539745
0.03296737797733832
0.03356875569904826
0.03417005972530053
0.034544138058054945
0.03498481016525994
0.03535983294647469
0.03582157581820066
0.03613704798160338
0.03644299327770135
0.03675682657794823
0.03702109222970062
0.03736296234055537
0.03784381067509441
0.038589406132121216
0.03905974956226909
0.039576612527254
0.040286822550450754
0.04070992828931557
0.041297445380475105
0.04146934897315581
0.04167412232910361
0.04185517658398462
0.04217979096908271
0.042535353561397586
0.04287733925728221
0.043286969470898884
0.04380250879842871
0.044311782432010956
0.04464812292670803
0.044932337950226324
0.045160377241937215
0.04530143511465618
0.04546968324750482
0.04600389932297094
0.046356855991594545
0.04661276624586687
0.046886452438919625
0.04730862144859266
0.04784051060397587
0.048673241428043516
0.049184786668484526
0.05023141679904207
0.05122559931777006
0.052595985009466696
0.05279245032236804
0.05311891248278999
0.05336056479780764
0.053417045396194476
0.05345911541865419
0.053616840211649607
0.0539351181474919
0.0545053387970778
0.05496235695225825
0.05525537246883995
0.05549778872659866
0.055858182637206495
0.05619152518278195
0.056696231537675244
0.05743303662464099
0.05798055293029058
0.058530425011792335
0.059168447324853345
0.05971019021564148
0.0601235306863087
0.06045471452887048
0.06078358235053133
0.06105578031071023
0.061450734630526
0.061732658500001134
0.06193363104317344
0.06219750803123395
0.06247406667860727
0.0627515016952426
0.06302684728338964
0.06308828787908714
0.06322775009716776
0.06335538705614181
0.06312919963572217
0.06345041517615677
0.06364928273142555
0.06396831411215721
0.06429439936401252
0.06432401847900347
0.064666442166679
0.06502021277988212
0.06520305254338897
0.06562409679803631
0.06592806800003427
0.06639889276344067
0.06670332667660425
0.06699739564391169
0.0672944495380804
0.06758978479655531
0.06785790632779826
0.06818855343325261
0.06872839075300823
0.0686388480245422
0.06888759754493769
0.06915652061946927
0.06952089849884016
0.06977984738885239
0.07011279080162038
0.06996910630938234
0.07016677977494158
0.07075532735992529
0.07115404863947482
0.07170208405849653
0.0721094193128594
0.07262512979085421
0.07317258983359616
0.07402985475384075
0.0745615194172375
0.07509826285103956
0.07560979246247163
0.07610602631894546
0.07664626159811581
0.07723407520841398
0.07775285363473729
0.07828157241926345
0.0791268113354944
0.07929113134962024
0.07970501969712601
0.08026752602886636
0.08093706636012543
0.0812438022633868
0.08188892388654594
0.08246084970707161
0.08311582540241037
0.08382982249174782
0.0845428026380793
0.08540351577073362
0.08611075523631233
0.08704692622977095
0.08832023602110686
0.09019985087058509
0.09025302914270447
0.09135325271757495
0.09202598960057998
0.09282441748998078
0.09358632622421373
0.09441263412557953
0.09477592708430041
0.09518034955438766
0.09551412809784644
0.0955984906019712
0.0955852572798123
0.09560216524317891
0.09559676479250288
0.09560014104236328
0.09562202386492769
0.0956145265942892
0.09570547889511447
0.09582173945445926
0.09612640419987194
0.09645918396398752
0.09692611793881956
0.09731911136081448
0.09767698589152457
0.0979790451878928
0.09900065061033488
0.09866727620166166
0.09921429507521085
0.09974412433601364
0.10017491721309078
0.10069258601722766
0.10127046003399771
0.10173995809444573
0.10233088693538282
0.1032713145606836
0.10418893323426019
0.10493763693023424
0.10561813967328454
0.10636230876285303
0.1070136389047479
0.10777079598545498
0.10856771365055537
0.10918656014581005
0.11001761259005448
0.1104584972224602
0.11110938920478483
0.11167052940233224
0.11245042254231034
0.11319777756352056
0.11384202750110352
0.11431512784296033
0.11481397923922343
0.11525387063586345
0.1155875299723149
0.11598039296113097
0.11637025299794329
0.1169044453309373
0.11741523876052216
0.11803848789117079
0.11860170006494108
0.11925461482525311
0.11978500051316189
0.12013293929683953
0.12039925886614876
0.12075906944639732
0.12102155914344613
0.12118781678967995
0.12143823748806966
0.1217033556545675
0.12184508862425365
0.12200005034251897
0.12211656407213739
0.12214867703254537
0.12220604364055448
0.12234928357197533
0.12256674125050353
0.12287473590011538
0.12311504767021106
0.1233314144996566
0.1235256713918162
0.12374088139658335
0.12404965832893045
0.12439697112775178
0.12491826046208963
0.12553087908768903
0.12615082057639612
0.12670909982558098
0.12730354330347596
0.1279114851780796
0.12842565283103372
0.12896222871856794
0.1293676150215355
0.12977503021474554
0.13034883944728035
0.1313872250579745
0.131270791342531
0.1318381017055884
0.13239547923361392
0.13305524199863258
0.13368062392264343
0.1342436131753543
0.13473367416968035
0.13521836063222603
0.13565161729932942
0.13605920339276562
0.13648456864635525
0.13679189298332786
0.13722727717731642
0.13780183900383644
0.13826357487053662
0.1389058113971344
0.13949276095685237
0.1399388385015001
0.1405764907416076
0.14092592496782316
0.14127750496993308
0.1416533979903987
0.14192180478487615
0.1421374903711802
0.14258256430889674
0.14250565962378992
0.14266693612232315
0.14286673563150076
0.14306438580889783
0.14332184136916018
0.14361823905038554
0.1439990377300844
0.1443687562490281
0.14476456565964851
0.14536199667772953
0.14574493703301683
0.14639036100973468
0.1468493688665996
0.14729979513903466
0.14779567147843536
0.14828376198594803
0.14874214456629636
0.14912199606409626
0.14962609952841613
0.15034068566558859
0.15087482254793613
0.15154600950125008
0.15191160781593482
0.1522885162243185
0.15258433498100404
0.1526319925786479
0.15278087262705628
0.15286120413428889
0.15297902789437154
0.15317090838429234
0.15339489752215446
0.15368259458072728
0.15400304752988098
0.15425091870772034
0.15446311238108554
0.15468054823422728
0.15508839111225517
0.15551190835483097
0.15579981663518544
0.1561897163993452
0.15663858848168685
0.15677674531898822
0.15699822285543202
0.1571470711005155
0.1572851659814963
0.15739097959936527
0.15747813477459643
0.15758410970303988
0.1576443656645489
0.15773302293114985
0.15792465372946324
0.15850209980971852
0.15945825610862271
0.15954002061111522
0.15983367766582224
0.16022028778740957
0.16063104823477073
0.16100460110743936
0.1613887599199517
0.16168885227927146
0.16202260041415045
0.16249443731034793
0.16289384715173574
0.16349604229623235
0.1641373035504951
0.16462652513490048
0.16509742113803547
0.1656599345714006
0.16611544050506963
0.16634321428405824
0.16635999617341943
0.16649665033961034
0.16657435000686252
0.16693176229954382
0.1671199960638186
0.16741422948876328
0.16775884305813374
0.16803726759525597
0.16835472586796899
0.16883435845159112
0.1692559691654044
0.16956207204036103
0.1698722137540886
0.17010475003826964
0.17025256365011285
0.17043789961888173
0.17061585772230145
0.17086632200997376
0.17109579942073092
0.1712605312983807
0.17145063798812277
0.17165709350895061
0.17238445415961648
0.1719653327730158
0.1721270666128115
0.17221655763967073
0.1723676520982116
0.17257688667453822
0.1727867587784044
0.17304255916996805
0.17337720413366328
0.17385026976867693
0.174293620073818
0.17471836598514018
0.17526565796691274
0.1756989210943569
0.17614736077693147
0.17666602314650864
0.17709083453406327
0.17744794547474843
0.17767647316422217
0.1779081187692227
0.17823613127753132
0.17850986443319836
0.17881238996213342
0.1791235384746934
0.17953557386113833
0.18000466893821263
0.1802584638179375
0.18071245706383252
0.18125765859342538
0.1820500609353684
0.18284957918603326
0.1834691362609249
0.18425119884598373
0.1850316992743392
0.18609651130764313
0.18682823161743958
0.1876791100363251
0.18836062007236903
0.18916298525046102
0.18988982432875698
0.19080039067744822
0.19114123066607977
0.192881443856137
0.19397924571634878
0.19489927057244458
0.1959562776255527
0.19687133382261082
0.19793001590834577
0.19895518552950717
0.19972239807547595
0.20083820948195097
0.20188311760471367
0.20221316776933554
0.20326664605473052
0.20496715205487684
0.20679242284205968
0.20839233287755282
0.2098923645753142
0.21130635643192397
0.21348452115274197
0.21613787424422995
0.21803510587961908
0.2199440507244125
0.22110951978069185
0.2224795976305781
0.22335578033706768
0.224914595570153
0.22545896924446296
0.2272796446340887
0.22868794693526678
0.23070791222194348
0.23228288293570024
0.23273391671975732
0.233218815385562
0.2333113313764542
0.23383086723301202
0.23466731876652755
0.23579455472105876
0.2366726246696312
0.23781212746234515
0.23856152572285
0.23901637183372546
0.2392173103358082
0.2397310573707247
0.24004016627515248
0.24045353570597738
0.24093582366055832
0.24159520047019137
0.2420497010133344
0.2425809291733623
0.24283276394504796
0.24320773028638862
0.2440768043291643
0.24464880701785352
0.24515472454337278
0.24595852325656428
0.24670009399983356
0.24672793558663483
0.24656805459098965
0.24678572136760218
0.24706977344404474
0.2475425712135063
0.24758169563714832
0.24798430334894322
0.24856743325809685
0.24963331054796173
0.25048785685905983
0.2517683065963324
0.2531135883659649
0.25389459157963595
0.25446103083913696
0.2552815167198367
0.2559931828176063
0.2565174117282554
0.2564161079853239
0.25582559126308835
0.2556257262643734
0.2554769809467647
0.2551117456341813
0.25511344624555765
0.25516455805049504
0.25520786693751535
0.2552441939784043
0.2556465967339024
0.25538352136072423
0.255496131599665
0.25541900850498594
0.25552575121155763
0.25563447557933133
0.2561942916495091
0.25573780199693424
0.2553472987818994
0.2552924707488757
0.2547785063931236
0.2534300197784757
0.2533829222110349
0.2528837551450839
0.25225688893737175
0.25152121628111396
0.2511976918971873
0.2512030332462473
0.2508387288674229
0.2500649492971178
0.2501758397439313
0.24959508771402109
0.24915555591211178
0.24872398348254418
0.2480516761574745
0.2481636457133716
0.24737364932080314
0.24705302950299748
0.24722921232635162
0.24721988567718975
0.24711352481098664
0.2472228392989146
0.2468907587838415
0.24736499252664887
0.24698901379616486
0.24717450211556882
0.24667125063570977
0.24616364667459018
0.24523725460989085
0.2442690692239901
0.24335507675218504
0.24254408325590565
0.2422288177710975
0.24049626046179293
0.23880098947861633
0.23873027945831454
0.23849355059828214
0.23708763229687896
0.23798555867978943
0.23632840903460375
0.23615393087989742
0.235796769878154
0.23508993880221962
0.23390683957598757
0.2348733938734022
0.23601910329424586
0.23701634516720788
0.2379792687699205
0.23823395769706135
0.23818531204611035
0.23844796175863775
0.23839167955837257
0.23749083554387923
0.23637037926922022
0.23553551756258617
0.23455512899068798
0.2337355330681597
0.23262696780772554
0.23175251536725242
0.23083217317485197
0.2295755414822885
0.22855255112115003
0.22778820202308062
0.22685211977962783
0.22723145874610684
0.22719018420478224
0.22751625946268397
0.22837029960999644
0.2290421201660672
0.2303982887718271
0.23246660013535622
0.23559753121750365
0.23999225283910577
0.24468228495315347
0.24815342638557294
0.25375358726185837
0.25816607689718374
0.25958676348647663
0.25937293529791855
0.25895126288502424
0.25779136508165346
0.25625644765092503
0.25450201624591107
0.251623272325257
0.2493717534279114
0.24677820139593643
0.24417975882587317
0.2409412589045407
0.23752352783605768
0.23408440131235791
0.23152613041839987
0.22897740699825866
0.22582480890242912
0.22257918374093436
0.21941195903069183
0.21892520205846613
0.21835322566541468
0.21723432039350052
0.21657496211979738
0.21608807250359574
0.21518124217456316
0.21443056152202092
0.2135720000303786
0.2128822497804308
0.21168899684532191
0.20978953916329635
0.20729440991997053
0.20653875859541398
0.2063628141401663
0.20549607837481462
0.20482150472259392
0.20400136775292418
0.20279210641507844
0.20152045482228775
0.20002910503784113
0.19972514518446063
0.19976907310753866
0.19878829308641036
0.1984245459061598
0.19832883618678646
0.19798530863504446
0.19755176862972787
0.1968253909507228
0.1956157543265381
0.194173552039581
0.19247465534844777
0.1914581465563153
0.19158619100629157
0.19134944858803615
0.19000488891488834
0.19000506105861809
0.18983707666126884
0.18831429093510638
0.18754820988175344
0.18695262242352892
0.1863777646282186
0.18588045599221806
0.1851660307579853
0.1847224899959067
0.1846055102989095
0.1840833077633936
0.18381293891884756
0.18354744784925067
0.18304478121186116
0.18277924726527336
0.18215643969761566
0.18175900984926724
0.18136225060421754
0.18103112506201044
0.18047355041323254
0.18016594591356191
0.17954482307153538
0.18047292276646287
0.17996285140474994
0.17994594183153476
0.17878549415301093
0.17788303263786215
0.17739409018803007
0.1767535458208893
0.17658474655743642
0.17650140953806745
0.17635924247912696
0.17620241435496112
0.17616797083702576
0.1761062914968119
0.17585923130285197
0.1756413494687786
0.17539369576359304
0.17524189087102943
0.1750332263013488
0.17476692320682996
0.1744979335798512
0.17416627118645625
0.17393462161295625
0.1737370817700199
0.17331010310553313
0.17285306321823862
0.17281206788010914
0.17268630930686987
0.17222186969614642
0.1719811125098889
0.17164439152161584
0.1714295657377786
0.1712202562061054
0.1709600584967543
0.1707111417944493
0.17058472340777936
0.1704181815615684
0.17001820847798174
0.16985136748909851
0.16938691168701514
0.16884645052966346
0.16859533330770307
0.1683676537149198
0.16804432456025442
0.16749316351843646
0.16700850473058104
0.16666473823595512
0.16652834929738497
0.16619347738883702
0.165932551198367
0.1657248312103932
0.16532796225926066
0.16518172257909666
0.16467986580357954
0.16445534651442767
0.1644198315229865
0.16431469678655233
0.16426481191279008
0.16295452976588562
0.16259241591674556
0.1624347389726906
0.16222789596659473
0.16098812346499214
0.16100675389604366
0.16075514828870782
0.1602262353953855
0.15893329847691953
0.15854628575917779
0.1582765562146533
0.1579678897132794
0.1576514201693946
0.15672451844551877
0.15636532530083874
0.15611841067172125
0.15581829382310586
0.15471129767687478
0.1544140941929066
0.15425424419386646
0.15405468837349037
0.15319478764052283
0.15308656413993915
0.15287587784425846
0.15272215026796446
0.15255789078836424
0.15321517919567135
0.1532663800825039
0.14969846149176483
0.14933313914595417
0.14911608053462555
0.14896045611947917
0.1485462087643602
0.14837502718925719
0.14818222741190112
0.14796099632674428
0.14767649367951838
0.146309485059271
0.1459911892971013
0.14585576393603536
0.14577311498516066
0.14564081870898515
0.14492023527685413
0.14458138090475628
0.144390148858697
0.14424693358758134
0.144104835584179
0.14296003283006023
0.14308106705144913
0.14264908133850418
0.14225539036524734
0.14197754461977474
0.14072007376451565
0.1400889159291722
0.13994706280892247
0.13972181947571827
0.13954581259113816
0.13927235358376505
0.13910155029205665
0.13888279784354227
0.13861819871769374
0.13728478914875106
0.1369795218338873
0.13688876578825127
0.13680980570663034
0.13662391703309568
0.13595771896792483
0.1357969653004062
0.1356666213213588
0.13562922612512
0.1357020262198964
0.13607032960275922
0.13495750635956824
0.1344354150207998
0.13427287523438428
0.1340935619230038
0.13388487290520162
0.13285462434783823
0.13250279319239436
0.13236750997631969
0.13217739266210696
0.13188311764159744
0.1309184242412489
0.13050167018008688
0.13026992006594978
0.13000274955740834
0.1298079635236163
0.129685834272452
0.1288598117948033
0.12864850531159994
0.12856023583468057
0.12843136931102986
0.12822214513472804
0.12758821981579405
0.1276215536832706
0.12746640304379003
0.12690482706415235
0.12666388436704978
0.12646254293041678
0.1254235666841373
0.12533287303939888
0.1252560295264469
0.12508215613984935
0.12487636497497522
0.12417505454678955
0.1240042416638336
0.12398822137097751
0.12387609173247978
0.12325324453782774
0.12308350487906895
0.12289771027785627
0.12277218208907285
0.12203429440842142
0.12184935316564936
0.1216789731127789
0.12144672006798658
0.12110423462238874
0.12095572069879787
0.12077359473012186
0.12057807858488741
0.12033676583441903
0.12071955346472237
0.11987483617249246
0.11934636248602862
0.11907957916934166
0.11863235895065573
0.11825788981809557
0.11801326377491567
0.1177279887411665
0.11738080852136223
0.11706409390674415
0.11693992866503196
0.11671005956603274
0.11633005504349476
0.11607588454220498
0.11588893325885467
0.11586422813967441
0.11565831533029934
0.11550147393822659
0.11536542689325721
0.11548223267071585
0.11492441645780939
0.11454976325659766
0.11431934835521512
0.11397769535097563
0.11368868915479487
0.1132869777081263
0.11305761558938336
0.11287519028609878
0.11250210293631763
0.11219776243849247
0.11197799236811021
0.11172760138260548
0.1115376931903748
0.11144203834253354
0.11124386399929026
0.11098636863753485
0.11075797133605059
0.11054908035653313
0.11009095743856892
0.10999864771073492
0.10959464198618886
0.10940173020398135
0.10917709697562691
0.10873506960260061
0.1083919121779397
0.10810096026138041
0.10756262980136172
0.1072867272033465
0.10702927770165713
0.10675922551274515
0.10649344035773091
0.1060238794037582
0.10581138182761357
0.10554533605173619
0.10511081586280643
0.10488174381621992
0.10470691853861483
0.10433252606951299
0.10410434931316778
0.1041140945368816
0.10362627116132377
0.10328638369610649
0.10295763789042923
0.10286219292191044
0.10256112905336666
0.10223565134712438
0.10193921949159533
0.10196336638406447
0.10194308487148532
0.10212939549500129
0.10108890630143416
0.10084423791897082
0.10050161537118159
0.10023776747936285
0.10013608865044422
0.09994578880915342
0.09969647630114592
0.09963846790397297
0.09963446421399218
0.09948517631782464
0.09936664457279187
0.09934658478412052
0.0992817869828638
0.09913865245770438
0.09939754537263186
0.09923340751336032
0.09845770531117295
0.09808937354607286
0.09781625607461017
0.09773060750430944
0.09755828371187558
0.09745067129862868
0.09735647346135572
0.09735627662609922
0.0972449455065356
0.09702524609490172
0.09685408754887732
0.09661677169843266
0.09626919471922149
0.09596852970984178
0.09555773054490321
0.0953824376689124
0.09526094848756511
0.09524699599738184
0.09514770697955482
0.09500140222207433
0.09475321739203224
0.09456939804141791
0.09443891788468207
0.09411559618294439
0.09402317395220508
0.09360444399028778
0.0935240924121858
0.09337721066509631
0.09323784915529194
0.09295778782140206
0.09267725109436091
0.09245115767243343
0.09216361393667745
0.09189120226026082
0.09125120993593207
0.09100265144808163
0.09093331242096005
0.09070479123772929
0.09052391631776807
0.0904043155513
0.09030315128099718
0.09006174938090786
0.0898993772712879
0.08964402508622474
0.08943555850164413
0.08911876616877389
0.08863168439944044
0.08837212710973219
0.08826361595861686
0.08779699539689907
0.08741883094482626
0.08721145013334937
0.08705372515905917
0.08680567547133558
0.08657880581983836
0.08644661508994231
0.08619721352028728
0.08564502104760152
0.08548005477302056
0.08537075563214024
0.08520610767887409
0.0849789185403928
0.08485947997661278
0.08454238261858923
0.08446846027994455
0.0842951446778234
0.08442379801578086
0.08424143031253485
0.08334130047206548
0.08301123735313454
0.08261665141901375
0.08215310413960121
0.08168024009014352
0.08132191362300858
0.08103829898265177
0.0807295045847454
0.08043564700140025
0.08009876614134501
0.07995630049629686
0.07962770366749809
0.07935163609110518
0.07895846804999825
0.07859430679895946
0.07838317276361689
0.07822639510724992
0.0783993446702519
0.07734188158685236
0.07691484642485334
0.07633182090453627
0.07595621772552441
0.07542795784223713
0.07517937121879782
0.07502689817895003
0.07457647533914982
0.07386762322760382
0.0733924962179852
0.07321077573532561
0.0726740481864879
0.0724198825291622
0.0722211961426691
0.07185873412831405
0.07201323868530529
0.07197903582937105
0.07197976366623984
0.07264638420475242
0.07242867999309277
0.07169879852068431
0.07124216833269723
0.07085744640540997
0.07057859536572116
0.07034464511287034
0.06985731417585196
0.0695506196913338
0.06941787710905312
0.06925242908133218
0.06890612118775825
0.06883722035878255
0.06883660528070018
0.06873654166338103
0.06880050517664675
0.068445545775129
0.06867579600944591
0.06824237083270313
0.06800676623691586
0.06764084705252185
0.067460451452664
0.06726529065974766
0.06715686326138623
0.06699818591385984
0.06669507855091718
0.06685038567496822
0.06678288047404272
0.06677778173828373
0.0666535052995946
0.06658031089622496
0.06647174055086683
0.06612085196882317
0.06576237283140206
0.06563189541825651
0.0655577473742536
0.0652254179693109
0.06499948333437937
0.06485412474121648
0.06480832946507807
0.06463279371309613
0.0642668357779118
0.06388444091814276
0.06362983751983715
0.06323820134348916
0.06303085602367517
0.06263860509351185
0.06239419612585644
0.062151796743121136
0.06196859736869913
0.06187632103765316
0.06177663197921677
0.06167789891602726
0.06147196153979138
0.06141362132050073
0.06127460928797004
0.06114950742268495
0.06107011884258266
0.06095646016126652
0.06085217381810891
0.06077812990194303
0.06063563278403988
0.0604951742860586
0.06037860554733854
0.06036024652471066
0.06021078211572197
0.060134222703803905
0.060094312126831584
0.060015275645659845
0.05997548670913387
0.059821639591873685
0.059820243198891544
0.05973500479129521
0.059543846682716124
0.05948710484744774
0.05937553510203244
0.05928954792356897
0.05899934022216096
0.058950614236386895
0.05881158070030387
0.05874740570248577
0.058733492096080656
0.05879868626713491
0.058849328776906074
0.05883664799147226
0.05870910813403813
0.05858985055553255
0.058494936739750786
0.05841847348231364
0.05828349032791015
0.05820406040409246
0.057823259313713106
0.05765978602332768
0.05767765543822236
0.057556056400778814
0.05732746714420184
0.05718560865396712
0.05668339571088168
0.056546437384616254
0.056337910699098576
0.05616204787275707
0.056079424057942806
0.05596774573719709
0.055856481522247245
0.055856481522247245
0.055856481522247245
0.05549301702161541
0.05548496686231036
0.05555318047318115
0.05557609057341337
0.05531972505731092
0.0551480563798625
0.05510900559958378
0.05489944590188134
0.054644582329397555
0.05416179495846664
0.05407758720427958
0.05394280365931469
0.05394054174300401
0.05368699094409193
0.053810632291085465
0.05321359352084245
0.05294670561101158
0.05312876231969138
0.052725169561090995
0.0524819616103885
0.05206419451411886
0.05191402353715593
0.051326281206677794
0.05111469578074716
0.05100015150614089
0.051108105308781765
0.050865313313369104
0.05063158828974342
0.050568991474181584
0.050471990101554114
0.05037194247214896
0.0502627973738754
0.0502571080821034
0.05001214635035323
0.04995432602926631
0.04969258437005759
0.04941378464189525
0.04928068858501654
0.049105753463899504
0.04912511431062627
0.04883903412766543
0.048531739964785325
0.04842151000097244
0.04815328588163758
0.04772157124523128
0.04735400822565441
0.047151158350800006
0.04704316257611501
0.04685651354574667
0.04676008643518338
0.04679692653215254
0.04665848853396029
0.04665663243061342
0.04667247828422441
0.0466622495419877
0.04653410881327478
0.046364220846699
0.04645898381492542
0.04637717466150972
0.04625483893011405
0.04623985482915388
0.04625725260695961
0.046490374397514383
0.04633027362909033
0.0460047709594846
0.04583559036096142
0.04563300966630953
0.04552951319817339
0.04530258486448426
0.045345978334123085
0.04519347916823535
0.04529058157538661
0.04515467098720363
0.04521730842082775
0.045208020108706455
0.044860980910388384
0.04451028766814579
0.044401981449341765
0.04447900953446246
0.04415966708922715
0.04418424353069769
0.04418414199866197
0.04422537909540194
0.04406895365818859
0.043431459479012606
0.04283382668957143
0.0424108857187492
0.04197227971657928
0.04153476262424111
0.04124474929608157
0.0409588094815736
0.04042251237939228
0.04003045582642805
0.04013838298928459
0.0396321633211378
0.039292742624932216
0.038920066897117335
0.03851491461194068
0.03798323924380337
0.037724610518577555
0.03759897127810117
0.03771186098925055
0.03754416278980345
0.03761262590252943
0.03729747124280507
0.03723922916334486
0.037185579692630644
0.037122017070086416
0.03688432625101933
0.03660814321095497
0.036483234873760984
0.03659652053093687
0.036364888565042795
0.036156859644572006
0.03566143808825712
0.03562269549782912
0.03558220420368127
0.035406666625841625
0.03526281595990085
0.0350277966015162
0.035007109871133035
0.03463383582035534
0.03452141450189328
0.03441619258386308
0.033980968070828135
0.033672378491188856
0.03350664777183373
0.033205549282829996
0.03310734212999776
0.03312793136743892
0.03324441338901619
0.032964961892527324
0.0325796557702476
0.03232951682596627
0.03219063900824943
0.03163174268062171
0.03149218664240369
0.03146380747982041
0.031313067902391585
0.031211687421314197
0.030973396551608613
0.03089237684301783
0.03081810563207527
0.03072991416741559
0.030652972748968017
0.03055356151034755
0.030559806976959047
0.030467695597514468
0.030472956163675066
0.030183364425067156
0.030086073114752462
0.030441913810725123
0.030278067111035256
0.029712762969036285
0.029641416824093818
0.029511686306044733
0.02937661372850059
0.02922032310783462
0.029042599719157243
0.029007144629607753
0.028877496258747016
0.02877968099369452
0.028619086500955366
0.028428543661528784
0.028305559951522324
0.028040315444677374
0.027723632502438113
0.02775980044729581
0.02776086125524844
0.02758590612800342
0.02747625909462327
0.02744504505485211
0.027388933208680685
0.026958501176207468
0.027105422282073355
0.026722583214104475
0.026374359238324173
0.026035022725563236
0.026037795213436896
0.025927434573733563
0.025722549459714642
0.02588738428671986
0.025586888162248696
0.025842732337715304
0.02597657556065793
0.025271388288170247
0.025146924411176778
0.0243688326946508
0.024029858482173372
0.023633191500703143
0.023577293037739103
0.023623116735618715
0.02298615009138229
0.022319987810172952
0.02203232363565358
0.021765182587631243
0.021685684026973902
0.021583504328546943
0.02136950331423289
0.02119168005627676
0.020828515977565142
0.020830810755567225
0.020967269294041368
0.020424142918063028
0.020223924435478016
0.02012149589252024
0.019841914760044838
0.01953718667497606
0.018970127512722822
0.01854072114577544
0.017876441923673343
0.017233242705360242
0.016885012922635168
0.01617841391215317
0.01576073793101087
0.015647827887265625
0.015265497872994204
0.015081331343315994
0.014426653327630207
0.014050964539765816
0.013799114690861331
0.013549699474909041
0.013292297958776506
0.012376755967386934
0.012418400679083248
0.012243715407589674
0.012138623839867739
0.011870452986877778
0.011324677338121985
0.010544898885111413
0.009385070618182303
0.009101066988088422
0.008323302504045484
0.008279337638839085
0.008296407217082526
0.008125165400987436
0.007258811988268662
0.0067733696371275786
0.0067620822517558184
0.006991278870715116
0.0073854935716834305
0.00603553227056748
0.0056990354422234825
0.00411277990021848
0.0037180886428957124
0.0038954322612065762
0.004290498323670533
0.005309268313090275
0.005741503534740289
0.004635641053565994
0.0026484472666576074
0.0009780070770234253
0.0010696288914958368
0.003077956357607052
0.0036863518653861447
0.0025148335780644606
0.0028835542022902626
0.003963098129386328
0.005138862599806716
0.004464544573951529
0.004528128287825569
0.005590888559117044
0.006517189004094719
0.0065372983382428525
0.006207019094015141
0.005855101003751841
0.005921591839862021
0.0064331758222751475
0.0066803915601232125
0.007713270013308886
0.007891303905302115
0.008487635643876994
0.00924938363264831
0.009251392462395846
0.009203500547110836
0.008985301905263605
0.00905449738745027
0.009408907241642383
0.009573471785450842
0.010745892081113958
0.01047163853153461
0.010873027509568707
0.010498075751374765
0.010292103705877098
0.009865515851451455
0.010094298813470085
0.01058181473251997
0.011451304555029226
0.0122086036967853
0.012828242744320617
0.013676153629360633
0.013693148469239743
0.01367382430680043
0.013325592058016585
0.014079566605790466
0.014433026283751232
0.014654268157369801
0.015728555028383877
0.01607364159410294
0.016072854984651583
0.016174650979545922
0.016264922389602417
0.016460491117547976
0.01662592927813603
0.016884225583973508
0.01697496390344507
0.017241285975658868
0.01778328505315588
0.017875843213914205
0.017855587667948054
0.017564954867692193
0.017617649808707427
0.01766463259506622
0.017983122214004662
0.018222791838954932
0.018154398704493327
0.01861466903838089
0.01888150731988795
0.019342437545201836
0.019922514741412368
0.020945343709294476
0.020670809457230013
0.020872242522991864
0.020654979366904965
0.021026099620632403
0.021006169033412365
0.021502684224518506
0.02144396016810918
0.021485506213950425
0.02162165740952007
0.021618651540425103
0.022102743358430398
0.02265059963150469
0.022948618953395023
0.023900490721128074
0.02409682758146023
0.02438377092449216
0.02432413682756133
0.025122633202094687
0.025120001777199093
0.024856736728581352
0.025025138548571038
0.024957400401907366
0.025067560332288876
0.025312843038167217
0.02515996610423287
0.025229356430269446
0.025255666907676708
0.025630721025449624
0.026042058318121376
0.0263843181497907
0.026385487858779276
0.02704019696810611
0.027146119081538425
0.027050722858785344
0.027328196332131426
0.02768348957319884
0.027655009856501173
0.02822237753351544
0.02860926001912901
0.02892450425053233
0.02932437490381065
0.029536247771116762
0.02955610496022762
0.02963619509335541
0.02971336654140795
0.029995109005073167
0.030048575040196555
0.02998780821038029
0.03012801064123248
0.030066835311877694
0.030250725730466752
0.030333121639706317
0.030486884537820447
0.030897812853825365
0.03149246770705871
0.031243364330865935
0.031192011582352113
0.031260936042623894
0.03131084027889105
0.031642939001221955
0.03172482312561452
0.03162779744640647
0.03174110109247583
0.031874001236313614
0.032057673817207845
0.03251318394579941
0.03239003229982376
0.03204624038718472
0.03203461310274182
0.03208016034568751
0.0321905300047176
0.03232971474183263
0.0326058817281207
0.033345470368264594
0.03354718287771139
0.03350664013618024
0.033826803866148725
0.034005369483429256
0.03414810526874657
0.034478275782490186
0.034770234100677706
0.034878917001885446
0.034880141726818734
0.034817758047685395
0.03480147738464943
0.03472381027520298
0.034576757922755004
0.03467385744214524
0.03499563611191342
0.03505210600828136
0.03510038292956931
0.03516939308478473
0.03538360431025016
0.03556701679590083
0.03607417923314749
0.03632317591234205
0.03674395815744436
0.036852405828116594
0.036838485152881184
0.036766310347160325
0.03717490570190219
0.037908779050088985
0.03796404837048425
0.038073799397016474
0.03802014455813201
0.038363235474845464
0.03848096960056764
0.03854700246431385
0.03853760895608662
0.038380995212157064
0.03851299632163042
0.038836971122554007
0.03908477359694056
0.039621491379447205
0.03978497783563141
0.040104654557321213
0.04033573915575793
0.04030929301097268
0.040178725384468233
0.041120874725606285
0.04117143002893859
0.04181893416878982
0.04216769268431594
0.04270380565260817
0.04306503038307088
0.04359591372691239
0.044022262259384055
0.044300520248761896
0.04468011624421787
0.045038038622106084
0.045389631195451655
0.045465820610564193
0.045313579606205315
0.04535855644251641
0.04608042669542909
0.046418822096162084
0.04625584038385855
0.046366955120235004
0.046399707833134546
0.04643589192148505
0.04662352819552617
0.04673731949265963
0.0470038610026804
0.047246779352784325
0.04749374278161415
0.047716821582385265
0.047658336156244194
0.04763465962497775
0.04768634338664514
0.0477123806483965
0.047853279645821915
0.048083527800887316
0.04840131863663262
0.0485152336932806
0.048627915837095054
0.048842336884566684
0.04879523906992125
0.04905436499981061
0.04920541442747512
0.04923161392166136
0.04931637662589366
0.04937463107134191
0.04914884880511758
0.04898482467026031
0.04912726684322853
0.04906599769251552
0.04874562676271326
0.04887013016036226
0.04908351728058077
0.049033531218741266
0.04886912178389292
0.04891090631439422
0.04879861696874316
0.048733145492156564
0.04872835286132871
0.048790643652664056
0.04870573578958565
0.0488395883623069
0.04893155886725055
0.048705571720970946
0.048832830164775985
0.049178574432361476
0.04923432389552559
0.049898549522711375
0.05501001299050431
0.05810438973063045
0.06247220265101889
0.06635804908603472
0.07153124074460113
0.07724925223852365
0.08049469036294389
0.07994850052440483
0.0783600479145433
0.07742475211216983
0.07584145572182928
0.07439506907329625
0.0718943333604224
0.06906982775633976
0.06613656185413827
0.06296525096817784
0.05868662441006459
0.055384452672780214
0.05276956852731001
0.05023914372222184
0.04941544951775319
0.05023207328345482
0.05125187455226252
0.05498948559699373
0.05829993525830566
0.0628059044669072
0.06852401655815137
0.07493819232607173
0.0807701126708545
0.08905580799427096
0.09525310441331615
0.10338752626868258
0.10483199591111268
0.10349463537307622
0.10248763294406334
0.10089746003088342
0.09892051296344252
0.0971702890344669
0.0939803270246287
0.09083656499003015
0.0869400297335193
0.08140186958350325
0.07987099168865791
0.06843894434483004
0.06499965731148102
0.06235664411796597
0.059106198998174396
0.05729343792910991
0.05527035876751348
0.05241014128352041
0.051754450607633826
0.05164547565896685
0.05170514938031544
0.051872517193493756
0.051904220765547286
0.05232970252984458
0.05279441990141268
0.05304347266616767
0.05339959857547523
0.054621915688297516
0.05668166809800192
0.059645364578058885
0.06401560121151052
0.06754764045678834
0.07130278518258382
0.07593401390825037
0.08002640934884192
0.08280720438035784
0.08598373467980412
0.09080283555454387
0.09645215180593956
0.1014768010051379
0.10690345586500706
0.11464665038403923
0.12063538180060362
0.12729630470675313
0.13387627122161766
0.1341439656558757
0.13264877256953975
0.13123527470820853
0.1293419204262669
0.1261035772658993
0.12401841106327113
0.12128392974882186
0.117875644287277
0.11389257845611098
0.10963925298560744
0.10556779327304111
0.10207735670501095
0.09656553927522117
0.09139907799809352
0.08795402716264115
0.08280826054392092
0.07890177585935539
0.07645152768176537
0.0731185843143704
0.07272424643874756
0.0733157804070695
0.07583686842457654
0.07798793918675419
0.07866831883028128
0.0783488611419727
0.0774382919639904
0.07554993786890149
0.07369535694611588
0.0711100202268872
0.06935993292909225
0.06730188649910505
0.0659758400312212
0.06328585336625395
0.06126971336372836
0.06240490498078494
0.062339612207125306
0.061500214276905454
0.060370231966139824
0.05978208733028795
0.05928896646534581
0.058669040668340285
0.058881215111500795
0.0589713964323798
0.05944222057347715
0.05953868603072619
0.05962544578942037
0.060085119162412555
0.06086947154287431
0.06000369105761806
0.05995323114739371
0.05964167941686114
0.05983784495950021
0.05949838393948167
0.059710626354881155
0.059330877985645
0.059644993328247325
0.05962364799371681
0.05982776791417711
0.059981787657176926
0.05973757690315228
0.059824200174535956
0.06007744768921105
0.05994366987893767
0.059949068541949625
0.06000458810815659
0.06016966815454586
0.060092491228545736
0.0600164442740557
0.059798451828048195
0.05984008898172901
0.059888735717900494
0.06020779375182336
0.0599489864681321
0.059523139697428035
0.05985257034435594
0.059378814239991494
0.05912358547056996
0.05921637696644249
0.05864035110665911
0.058379411658440114
0.05805302670012844
0.05771296890374825
0.057744424343513276
0.05749435949536264
0.0576269410009419
0.05724556739519924
0.05718513367243309
0.056958095173130184
0.05680204603053408
0.05675554208408957
0.05655236273233311
0.05634573574760816
0.056056343061696885
0.0559824522197018
0.05622977570488673
0.05610391704274792
0.05621833823160759
0.05615721525569216
0.05620936750585427
0.05617384560267545
0.05610934454509934
0.05620440557568506
0.056000560470240504
0.05565555231284514
0.055554578014426474
0.05556971232798533
0.05507847506076138
0.0547130688501447
0.05505044828684431
0.05481696756832825
0.05471255258704281
0.05477144135150781
0.05473110621910797
0.05471972405352661
0.05470251360219332
0.0545208647020816
0.05456282623137227
0.054343295602551106
0.05470650266082726
0.0552476781008966
0.05494356221983556
0.05472515584769149
0.0535347910818214
0.053302809632434694
0.05277363987589455
0.05301545392499401
0.05314973385740019
0.05340093955566541
0.05341643354454396
0.05349315633800882
0.05329735972165284
0.05309993198338243
0.05282309643478025
0.05300601251102124
0.05258309344210758
0.05291521406257495
0.052616384824736684
0.052838752834102276
0.052303684080830644
0.05282661756416051
0.0529368160671378
0.05281716731994068
0.053057899316285684
0.05324191721883262
0.05276761390953883
0.05317275211391714
0.05322068319400402
0.05301624060204486
0.05295244550739215
0.05275704928873544
0.05256573340182855
0.05259226257894616
0.05264868998254838
0.052673267325318136
0.05255331223917865
0.052284866477580086
0.05277112221180831
0.05283551628125182
0.05291220753241485
0.0529303084367884
0.053206197395933845
0.05360037442519707
0.05342807153552651
0.055057942091892575
0.056169788572594914
0.05361733768933563
0.05341036886234489
0.05306997228846418
0.05244309194994114
0.05252089176280242
0.05285186838038887
0.052817199400194144
0.052794754151835946
0.053272340771807904
0.05291926605281624
0.05306968339627454
0.053444627950115016
0.052241751940675214
0.05136430123317817
0.05108106791891141
0.05052390396562646
0.0500141963596378
0.048975923938868064
0.048515610740018235
0.04847867500865598
0.048081923811744275
0.04810442895140403
0.047819472099901617
0.0473652463246208
0.047548218463759805
0.04760887048119673
0.04773920743051215
0.047411722641729624
0.04714263945999417
0.04739527817106723
0.04734155558285332
0.04678484661549056
0.0464233629036757
0.046231847565961944
0.04635042329625696
0.0465249334073477
0.046527630179104065
0.046383351806630606
0.046036977461954794
0.045758571426071225
0.04560899922520061
0.045546183991258066
0.04561290844520279
0.04569183180010072
0.0456927713750131
0.04574358201693282
0.045423541442345026
0.04582656616037812
0.04561952741511994
0.04496160288934899
0.04586020041625715
0.04517913477182152
0.045460710914331605
0.04482928191250755
0.04517713920622146
0.044617100668731424
0.045251817136710906
0.04426074068550392
0.043913025311521005
0.04383616158516507
0.0437268351988561
0.043237917976840394
0.04368129394189532
0.04385864762952359
0.043297979574764375
0.043019693338773035
0.04289704499644768
0.042968257139183334
0.04303695490390163
0.04292608672502555
0.0423493856379154
0.042620937280848474
0.0427237900427611
0.04281311387169482
0.04311840697654917
0.043027968339556834
0.04267048441854773
0.04226478931706379
0.04195297738163303
0.04145365788668062
0.04121108106012479
0.04127543425214674
0.04105750679727349
0.040570366587473976
0.04066723164098771
0.04080162994970762
0.040487924734105715
0.040246796652962276
0.04042827553579721
0.04070948395219635
0.04062510672226985
0.04058809055532733
0.040345303856774005
0.04010389758789091
0.039843265833624235
0.04003445168377643
0.039643690948328404
0.03926887678738987
0.039151094065014304
0.03873778071899304
0.038987060990688736
0.03776280812862423
0.03724599453631115
0.036441606479354044
0.03658846316306414
0.035305720377473176
0.034627952870689656
0.03362274210348925
0.033417723901550365
0.032024320334515334
0.03141565653091992
0.030299380055656792
0.029465605726670098
0.029748690642086954
0.030007895196491396
0.02981539411832874
0.028864025798609083
0.028877246644606374
0.027688549832913918
0.02723847885828234
0.027268697586253894
0.026738888543676717
0.026285989035238853
0.025534062554287498
0.02551171203776811
0.025037489846673682
0.024906058000592663
0.024688455138345496
0.024231087043063447
0.02333673821082269
0.02297167987662199
0.022982642937180237
0.022511000235176232
0.022511000235176232
0.022308375014337002
0.022153252329686856
0.021208867500114928
0.02103728984093545
0.020775907635314964
0.020797641949047818
0.020088836473998308
0.019457103977947175
0.01943948615872514
0.018730832111533983
0.018525483878218035
0.018305942532678157
0.01818139353032848
0.01770491259224884
0.017239457198833377
0.016976601028113148
0.016629510776367925
0.016221655389986028
0.015656845588698547
0.01495988746406907
0.014454258782969794
0.014415302760419706
0.013995164708951853
0.01429146706221934
0.013561254710942761
0.013594718330461907
0.013200525386635133
0.012817369915893289
0.011766458190752841
0.011290029202238932
0.010844083034216035
0.010267500005143544
0.008978146007376389
0.008058096190385184
0.008275058958925462
0.007821943786581107
0.006575000442789117
0.007011816439210852
0.007070369677734585
0.006283964116603162
0.004764740864025422
0.005104652114171915
0.004997112076749755
0.002620276211550902
0.0027782730760762637
0.003313145458259994
0.0016653624149021932
0.0024994268102062523
0.004381860398221775
0.002040710795876286
0.00013614066214260445
0.0026603420073662704
0.004356759895676162
0.003816885985245896
0.0027078897497473152
0.0028712181219554458
0.003247612113747873
0.00323778816129975
0.0028054227261075106
0.0033225157168433254
0.005495580814827767
0.005604581675262037
0.006248563672973881
0.006990753761446301
0.006684963981154502
0.006579104340511206
0.007208486614559846
0.007954191356559738
0.008137100921794592
0.008483826809873833
0.008781640820311944
0.009058261748797314
0.008877798877980292
0.008897875334335805
0.00895902795369691
0.009774370466747543
0.010641137040782178
0.011697576369199394
0.01245952748378623
0.012682101662866922
0.012493037087968112
0.012923629465456214
0.012866097875436733
0.01334739545500665
0.013557100877238791
0.014587063612146515
0.01493823558541372
0.015263920817452266
0.015606405660967458
0.015892837954848884
0.016526926907168362
0.01611846963471076
0.016010172768136148
0.01645619470478081
0.016870614653817832
0.017665133203797756
0.01849111121112679
0.019129745518094744
0.019434880012045307
0.020031272917634298
0.02050915126749696
0.020524599803920962
0.02096478274391027
0.021680667772929846
0.021566511908451085
0.02181627321482642
0.02239869334054337
0.023210302347171908
0.024162578208074714
0.024759084380291577
0.025396554585827163
0.02583024536927368
0.0263332302984449
0.026560968340879447
0.026603708361790025
0.02711915010533646
0.027359566343040483
0.02748091111160655
0.027728884724050426
0.02809370740533831
0.028134570786578012
0.02823116141777128
0.028345859367523617
0.02888246317960179
0.02973863904661602
0.030596806202591566
0.03172406591658285
0.031992222261378024
0.03263450348281096
0.03255778693083494
0.03295795475766607
0.033364319526384426
0.033831292548656855
0.03436643378830235
0.03585215860846288
0.03643083589629127
0.03591759379802668
0.03573982861179983
0.03602326081680668
0.037112393122363745
0.03785896634760792
0.038941933332776714
0.03965592808844379
0.0404313205958722
0.040662636930322744
0.041741475510275856
0.04192473495235565
0.04409486321572697
0.044272802596941295
0.044850990878031974
0.04540335813111468
0.04635681935089242
0.04709895447391396
0.047638367606171274
0.04837895411170395
0.04952574895033637
0.04963019514264604
0.04975373358227588
0.050312167558338436
0.05071545217173081
0.0515504484091534
0.05134957635365982
0.051622114735974875
0.05203872179531404
0.05279981435917959
0.05273001389551583
0.05327858253189771
0.05376276442223506
0.05421788844774427
0.05469574599779053
0.055107083405361454
0.055446556382323486
0.056032061978704244
0.05652149106853317
0.056859236241963484
0.057373811089684264
0.057655995319815016
0.05817465190504837
0.05862036822007928
0.05875984170438424
0.05906640359505671
0.05980796518791959
0.06118275609190017
0.06013875468603735
0.06074380346485866
0.06097099337560532
0.06183594671282402
0.06216467734065184
0.06309632740871299
0.06317615435848921
0.0633526032505356
0.06340898438288362
0.0646836299125387
0.06488640869152373
0.06476012673147609
0.06602226122198576
0.06582860092451473
0.0663045493435647
0.06748009512834845
0.06798480477909717
0.06909209093392378
0.06944427746893538
0.06985484516919506
0.07043657025353607
0.07072520383070781
0.07074144187090893
0.07127374282033973
0.07165663141074957
0.07272814850861867
0.07291448075695582
0.0740542026680329
0.07477642515231683
0.07513516066378538
0.13676567887775817
0.13694457294485937
0.13833116496931372
0.139123274994852
0.07152369820718683
0.07172953875060317
0.0723274253540422
0.07226177889970832
0.07253651941869733
0.07271181384066205
0.07298820697968482
0.07337056171385763
0.07345002439565707
0.07455011587193454
0.07504801021267586
0.07539147546155363
0.07605006663422963
0.07648832222717056
0.07727385692973943
0.07722855446472347
0.07818321748354239
0.07877404576532121
0.07906477281441131
0.07991450624374484
0.08036380148685289
0.08099321613339945
0.08163667668198052
0.08175651994647139
0.08228229886165292
0.08254503890519027
0.08298384411535432
0.08418732473072255
0.08559932234435604
0.08751370835695431
0.08927977584142135
0.09137287084871844
0.09313562848612543
0.09001945746255026
0.08748811424751378
0.08464319289047438
0.08219227239708676
0.08069219392929931
0.0786907958909486
0.0768374536689493
0.07496190240699181
0.07258708015220772
0.07097652775583294
0.06888960813554182
0.06719557826526572
0.06569053558603749
0.06368001160739757
0.061818842114459475
0.05987843405958126
0.05776917284883598
0.05583572536584757
0.05319260930481303
0.05086529127794451
0.04710308121045659
0.04446390067134457
0.042360070482295585
0.0390880710396998
0.03580745545475657
0.03319072927726774
0.030309909429010486
0.027682149348878412
0.024554783613926035
0.022061801191244006
0.01961145998311071
0.017242779419752843
0.01490982219192376
0.011990467765867232
0.00973713094870284
0.007586641165166195
0.006275817940235124
0.002972410260689553
0.0008557278845911247
0.0015789259656860712
0.003592160627674248
0.005733930241982074
0.007341893630370107
0.007637602270320219
0.010505716191202885
0.013337726025551099
0.014448349052868915
0.014945382648617153
0.016237126224090896
0.01744089799172781
0.020091648409934937
0.020328156284056875
0.022763103711377717
0.022763103711377717
0.025127725165376258
0.025127725165376258
0.02943657532327042
0.02961327868929008
0.030856405058974457
0.03315612678628136
0.033584043594452495
0.03689599181321302
0.03835388483175989
0.039661575645553004
0.04059050630811728
0.041454779544521175
0.04228789223263291
0.043110857386799734
0.04411427033794004
0.04550876924517603
0.046865259471900296
0.04748955888156607
0.04742369714389987
0.04737991565917027
0.04739179917224258
0.047393808293671714
0.047410876095937325
0.047692798811164165
0.047710491963557186
0.04819296290035113
0.048369399201558326
0.048778789671670895
0.048368007022652926
0.04839453461574495
0.04864782145798405
0.18921734321679648
0.18874030733608368
0.18593849575967186
0.1832306023389584
0.18257613955863225
0.18247597890953463
0.18054449660251892
0.18220654572868542
0.1844385687809634
0.18595961933340496
0.18807410112725728
0.19061225617731797
0.19277329175729319
0.19609536734029548
0.19769417631524255
0.19769417631524255
0.20370714508880036
0.20576604594052572
0.2078148193146013
0.20988619078571402
0.9705169371911675
0.9707943334977754
0.973679789217444
0.9749778491433616
0.9757780183506659
0.9772417962600071
0.9782412835851806
0.9793056462591769
0.9809568993248918
0.9817161306735565
0.9829912677211844
0.9844155153907554
0.20491774309270278
0.20653428075467864
0.20812397269048166
0.2093455635857674
0.21035953830297333
0.21137915023476897
0.2120979887826931
0.2129596601670042
0.2138287136835203
0.21519165343136532
0.21681073282035013
0.218300306694678
0.220840451335112
0.22311981583444537
0.22519570959627594
0.22716937434169268
0.22986016467789486
0.23234245279361607
0.23410780982181503
0.23648483177102889
0.23822330905262976
0.2399894209210642
0.20268786683115256
0.20099815584426434
0.20241835655590626
0.20345142152575804
0.2007959190455546
0.19884833504050964
0.1993052634615062
0.1994399598954827
0.19697334186410687
0.19732416960303478
0.19810625215671912
0.1968159187683279
0.19626475201978139
0.19652404047681468
0.19797631435961754
0.19751248385442324
0.19778135205799477
0.1990564414692941
0.19782284490622024
0.19586048032386774
0.19663741937286128
0.19762005205007302
0.19278505336953616
0.18902911201947012
0.19067730780759667
0.18653464946098153
0.18539883696640977
0.18403466627751286
0.18382536734480656
0.1853105088563338
0.1829682747798777
0.18328633919644718
0.1827089496796427
0.18226600328556472
0.17912902551477838
0.1799760696110831
0.1805133253789889
0.18134713533146024
0.18488864668982158
0.18270333035104924
0.18267109456044056
0.18363233381168143
0.18410244183798533
0.1841293137109121
0.1843845311386577
0.18532709796969363
0.1858690745736864
0.18638437579344416
0.18633913830129406
0.18731035962074002
0.18781017881292705
0.18819997384514345
0.18867948908827617
0.18969333555540743
0.19065676044569113
0.19209963188520948
0.19264673451805178
0.19446825379981322
0.19497338422085825
0.19589589899378682
0.19597518702470534
0.19672086064489056
0.1988505743961379
0.19844993886345264
0.19838623875359906
0.19880280608920442
0.19922166040074324
0.19918021474521716
0.19982101571382044
0.20022545631572156
0.20078162274703193
0.20108562149029435
0.20153831063654742
0.20186441446490852
0.20190329341230484
0.20279636510265026
0.20317640773708048
0.20364092140813542
0.20372563842839794
0.20397719271416978
0.20604876885238038
0.20506161787397348
0.2058216175578804
0.20565661883798753
0.2060024521779562
0.2065865821604408
0.2070373936355516
0.206342554102454
0.20746377331802388
0.2084823330939108
0.2090190328783878
0.20937589202704043
0.2092149819684176
0.2098121294752056
0.2111926759106976
0.21125978439933998
0.21284233785646792
0.21342385532484393
0.21457437419426545
0.21611931812867968
0.21838423570592141
0.2207474708587788
0.22161942677101473
0.2215652075243967
0.2226585333047467
0.22419863480728888
0.22634954903339738
0.22738636732642004
0.22868526210233628
0.23251891571103103
0.23454856403561927
0.2367808911803197
0.23932485455390046
0.23951116035663148
0.24113633324891165
0.24187770622502447
0.24145682313775532
0.242258970549057
0.24149672383679768
0.24158626252553517
0.24170428068093042
0.24131537257680583
0.24127549196409478
0.24127274443648042
0.24133047463625718
0.24167069696900617
0.24177567424126298
0.24178010174027964
0.24271497474755227
0.24469638563966364
0.2454106997220242
0.2490592926651179
0.2494441387530693
0.25028590413592644
0.25004097499468636
0.25011320746328264
0.250965391999395
0.2510074628796128
0.2507865405081286
0.25253676113086543
