0.04746302258234599
0.04648232959027907
0.04702529787477791
0.047010183644654466
0.04682431246188515
0.04607368148477918
0.045419395631800315
0.045661088933613043
0.044329760005628445
0.04486331876604598
0.04507993128586082
0.04600478901651528
0.04743427748472984
0.048813883471845794
0.05130296799105384
0.053964918081952556
0.055996353469701915
0.05901213397128848
0.06256284019338824
0.06595641601495192
0.06778292867627098
0.07309537426755573
0.07622880446680005
0.07944461477162974
0.08430310561441245
0.08743537129940591
0.0904633525041518
0.09480755080112985
0.098457585618159
0.10291986874780545
0.10796528304210487
0.11177134783835081
0.11569468096540732
0.1195231128667621
0.12339048500776305
0.12694902421262091
0.13065321535427102
0.1348704596355428
0.13879614841806948
0.1410495541623719
0.1416670433236689
0.14076676331886462
0.13955690768439638
0.13809173368732336
0.136691863953055
0.13472869224590123
0.13310327318717127
0.1319420474660888
0.12945818868640918
0.12865851859148816
0.12637797325197328
0.12438356981546365
0.12222980854906165
0.12006819776069579
0.11820660629622162
0.11603387999247075
0.11326693386480025
0.10845105101373306
0.106265381928876
0.10262838961189036
0.0998695943562693
0.09663597574341976
0.0939827791678686
0.09105813430258858
0.08967071633933854
0.08626350741049162
0.08181025439269
0.07848584469137124
0.07521992655425035
0.07506114927141064
0.0685256508060551
0.06718635931346659
0.06267549255210747
0.06075002156234474
0.05817953332196388
0.05511493867310515
0.0526071462128335
0.05161875520921124
0.04902380334442811
0.047723481954143956
0.047005864844399635
0.04681735482078501
0.0476830501331116
0.047992221848895886
0.04949798191179778
0.0492716224395832
0.04913411455665658
0.049127102509270125
0.04949841442270348
0.049369594461424554
0.049257256114148926
0.04802777479142469
0.04788741959303396
0.04782088749318359
0.047553975384449214
0.048201127223315494
0.04819622757239249
0.04719734931924257
0.047356086273219876
0.04744254192541847
0.04741974401301761
0.04796633078792074
0.047582968893832546
0.04750819253832059
0.04736448310233337
0.047480230020680934
0.04750732238031303
0.04746691993488967
0.04782971823739755
0.04829384543400863
0.04826057797695335
0.048058875206516256
0.047991089021969684
0.0476079564857822
0.047584577852531104
0.04746340471527875
0.04648060169609477
0.046494419053553546
0.04645924114841398
0.04629402908533404
0.04688525335920791
0.046270036510432336
0.04632791920924877
0.04624349168998627
0.046477080846440776
0.0464117150932036
0.046728411904574836
0.04631751817709873
0.04627915920973837
0.04638568514321141
0.04625277003165472
0.04644370562749365
0.04662910685872625
0.04668052985988358
0.04706091580592185
0.04678100735571263
0.04665237688323065
0.04619769645367506
0.04626390012128494
0.04737919057121331
0.04735626110426253
0.04743944958986633
0.04761671411210295
0.04778636734856381
0.04765074271877292
0.0474961883256207
0.047445625003474504
0.04738257402453474
0.04744577735868817
0.047479151328969016
0.04757465187724701
0.04760441949260825
0.047613415528005514
0.0475117363173083
0.04746544326190227
0.04790845684384382
0.048192281602543234
0.04817343300022997
0.04830635313003075
0.048351644768845875
0.048363297553382915
0.04812378652474864
0.048007874235270934
0.04800145833656347
0.047610567379497745
0.0474420361955665
0.047474791673217456
0.04772011462306409
0.04764175941229949
0.04774118372842188
0.04759965722339894
0.04721414959007115
0.047290288094808224
0.04727835319824561
0.046063097724668094
0.04661845763462374
0.04652349600255174
0.04642672784023422
0.0463376526165202
0.04654699279801899
0.046493035707037764
0.04652079431495751
0.046341521393970256
0.046450578736039916
0.046298428989874386
0.046834932867078564
0.046523251999833926
0.04672751271755245
0.04696318215400595
0.04665490650683572
0.046152096184744806
0.046040867873086304
0.04548045113335918
0.04528088459468971
0.045252983200482176
0.045262016496771355
0.045953651516100265
0.04593130910918461
0.045532203825146285
0.04539364952537876
0.045073189566933916
0.04515638908454845
0.04592496127261236
0.045645095208567577
0.04580089364493964
0.04721168890682375
0.04717857710538128
0.04736161320389377
0.04678894258459165
0.04524829551668322
0.04485637208398997
0.04470122586986416
0.04437844365038002
0.04419136205128173
0.04391115020590124
0.043975169552825315
0.04378985153101249
0.04391853149394487
0.04416135231431253
0.04494253805470176
0.04511315487144032
0.04513266757263408
0.04515761575232624
0.044492729779062386
0.04438749341968004
0.04401525735305792
0.04401214353951969
0.043755629759237136
0.0435722144617774
0.0437046405141226
0.04380158973748816
0.044169358522996485
0.04420383228817732
0.044118100791060884
0.04348643631149951
0.043150702416225435
0.04295194886409839
0.04269509151185705
0.042528148343891736
0.04195075089861751
0.04175543448588549
0.041305049769964124
0.041725935471743344
0.04098831586500506
0.041645085351884804
0.041580237583710385
0.041638306907126735
0.04035878420049331
0.04014539838699524
0.039678644499160774
0.039632542593252336
0.03928103392436774
0.03997370464096446
0.039832382931682585
0.038929996302026725
0.038117686325775724
0.03804634631611382
0.03777411819276442
0.03770902781082739
0.03765201567339138
0.03777760944173411
0.03729413677925953
0.03675323217062686
0.03641956028578561
0.03611618300866605
0.03662066181556467
0.036565631481021404
0.03657500453732231
0.03673998656498623
0.036253474929600404
0.03641017775579964
0.03615633928205066
0.03588169667781961
0.03565501839306703
0.035795935302078
0.03551478321119559
0.03564466087663042
0.03446395158252762
0.034182677218427514
0.03390804240059601
0.034375853764824243
0.03399263600501955
0.033624055856756506
0.03285501568675081
0.032866294721034736
0.03279777071271707
0.0333306956531112
0.033691505169978354
0.033825943345718756
0.033916987013110744
0.03397179789220625
0.03322474000296149
0.03311096563366704
0.03296757898169548
0.03293605360122289
0.03321741911908969
0.03305235668408415
0.032591677559576905
0.03247275854926301
0.03262633842299086
0.03230265903885766
0.03219081478623994
0.031903636732056956
0.03181183364320504
0.031432883157874555
0.03197095808774149
0.031746325092681806
0.031777449582454764
0.03089646552511212
0.031116453346373047
0.03092483891661395
0.029901991568024137
0.029432806790990942
0.029112368033007367
0.02893861696054236
0.02868464337371365
0.028546183178154924
0.028234468279629048
0.02804959320972643
0.027710820109257135
0.027566754123087574
0.02751602654033532
0.02807200828129875
0.028007474101276745
0.027971237562542457
0.02846292209821819
0.028482193151300957
0.028176064437025226
0.026989218296755428
0.026762348366985503
0.02649241386381675
0.026615383205721464
0.02604435155949818
0.026094739039246664
0.02506895596048515
0.024561409506516172
0.024740411238602725
0.02407341487666403
0.023924783247034193
0.023412363548877692
0.022564598417020174
0.022529689611963732
0.02133072305887011
0.0204059263832294
0.019240111368129077
0.018794338948307773
0.01886247120585642
0.018629719801552567
0.017979534998300867
0.017747709741994435
0.017293261331246437
0.01589179138092898
0.015303530537582271
0.015071871300927596
0.01479094369314252
0.014697832074259582
0.01484679229825698
0.014220942754064242
0.014184002676668762
0.014046882455336529
0.013775789145655946
0.013557899045632113
0.012135627100657674
0.011802605471848818
0.011640530818787641
0.011453915499960587
0.01135531218803109
0.011186680344944253
0.010455396549373126
0.010456373498785207
0.010378603472463065
0.01030774424266416
0.010232843982577162
0.010197917323156568
0.010602840525079144
0.01014081915412039
0.010207139288968188
0.009907560089461236
0.009678763458163608
0.008617549124145885
0.008144530900301766
0.008016404620405405
0.00797169928926972
0.007553215679832869
0.0076889858698544955
0.007403047041293426
0.008131906794404963
0.008057511794891094
0.007988041229395983
0.007989702672638694
0.007412103885965311
0.009596650548455593
0.010108389342946982
0.010545910955753414
0.010500686520637256
0.009921521647519492
0.008052405239750596
0.007404656063942268
0.006638411234020475
0.002363663276410956
0.003124440923704928
0.0038470823147627323
0.004343414482026346
0.004958696930524528
0.0059664784564463155
0.00854700541948483
0.007740754922691982
0.007129509477552772
0.0024409527265417522
0.0028435242393349946
0.0034392507815333576
0.003918170077084416
0.004497261896461304
0.0052005906183429295
0.004923273174728683
0.004374199469062734
0.004141676625954716
0.004048683458447922
0.0040777155192069465
0.004366758108522261
0.004618879159392433
0.00560243836754153
0.005924258303073844
0.00841083438833796
0.008189933875588968
0.00793609539381017
0.007826056073588697
0.007950395083325183
0.008462451337469106
0.008527759726722218
0.008680534844499814
0.008992590527138475
0.010867928885897896
0.011398089980226159
0.011462777462145564
0.011339730429931664
0.011145998156422011
0.011615865700294927
0.011871906065798256
0.012051068344477037
0.012406587789130938
0.012616293878625794
0.013790486834047154
0.013949723685869407
0.013256595201769254
0.01316336680076083
0.01527907491435807
0.015787206689992072
0.01645902550450762
0.01691656605585728
0.01710501991628166
0.017406371589029142
0.020750719275254202
0.02094478775926651
0.021286312831127887
0.021630324218054563
0.02171286307337124
0.0232714194149492
0.023532704618560222
0.023251285093856867
0.022459568460911683
0.022516025603902264
0.022509018152639924
0.023436551851088085
0.023576570712921113
0.023692295414815163
0.02418413312566058
0.0242308777549986
0.024306010724411613
0.024531794805783318
0.024736858205926377
0.02511075460893742
0.025322474065182767
0.02571002438809322
0.025851502381224464
0.02649485083775962
0.025882652778549883
0.026090390230357554
0.02761242448972542
0.02872263864221062
0.029214900855222034
0.029558581050204136
0.02944909655194822
0.029483933621811217
0.029484396945842935
0.02948701651404867
0.029492166976357103
0.029520437863841942
0.02956306815077937
0.02959377098748667
0.02960996311465503
0.029686354218904736
0.029655570552793702
0.029878181846613415
0.030146749873226873
0.029688792939193874
0.030647022525762346
0.030120560616800917
0.03035732553669402
0.03029993169218518
0.03111133393902774
0.031381465483954665
0.031444760478472944
0.03169788221145081
0.0318843137116377
0.0319635301400515
0.03203674258392823
0.0319880374599611
0.0320304286002333
0.03201110192941461
0.03199077734373697
0.03198841138328455
0.03202147529156533
0.03201960789434923
0.0320872982758635
0.032268212643218865
0.03247140423270011
0.0326238302001125
0.03247835091867094
0.03259853794875941
0.032726248333677696
0.03268069995627431
0.03214599429313957
0.03232465596465795
0.032429120367605396
0.032356948423525426
0.032370695351365615
0.033242111670923696
0.03324087735972636
0.033348040509275666
0.033369942981212854
0.03361794566810312
0.03375117682670576
0.034055406921240504
0.034263849450502905
0.03455188216379477
0.034767117833237805
0.035099013528863215
0.03511668393277299
0.03522607018190854
0.03541636686429207
0.035459165833019037
0.03548108127728215
0.03564499014428422
0.03566233358402732
0.03570600626565041
0.03575928973841619
0.03582795983386922
0.03578006474562685
0.035846030936138945
0.035786434221710045
0.03577298290759644
0.03586818391727221
0.03581895243109568
0.03581712527767976
0.03577990270526947
0.03579030826981132
0.035889477016558154
0.035923749360984976
0.035938229174174705
0.03593657818082333
0.035982749250988925
0.03529709192587675
0.035357116362718766
0.035467844937407074
0.03560660330829407
0.03570946388283434
0.03582361123636442
0.036716237530592236
0.03691034179337759
0.037159980302676206
0.037435280249093254
0.03770993525708291
0.03790383189712277
0.03818097635401165
0.03840576562545951
0.038688701830402676
0.03905375153304353
0.0393609172220468
0.03958853769419208
0.04012414647535944
0.039611873850443055
0.03982701997148961
0.03998894781014906
0.040005622317251736
0.03989214559747885
0.04064988379145812
0.04066909957161921
0.040436072094170994
0.04012877720558105
0.040234485951814745
0.04033701504577534
0.04074061508788317
0.04120473900128897
0.04163288472110828
0.04209161690403002
0.04214944504699797
0.04188840357477754
0.04203275264394727
0.042752087122681734
0.042830418652897474
0.04291298789883473
0.043069124570275036
0.04338011486946804
0.043431113057233045
0.04354089676017295
0.04360147655125389
0.04349318546333178
0.04296149631516397
0.04370232243036358
0.04326302864506734
0.043254982254471684
0.04431684828165919
0.044583638708153725
0.04399035067850473
0.04506042132029692
0.045526614548861574
0.04566262442981184
0.04593579944191512
0.046030879801956553
0.04606904236058029
0.046166239739463516
0.046236683299431675
0.04628759580647505
0.04628005934847427
0.04624568086769433
0.04570882056647553
0.04579540261797816
0.04626922887971774
0.04629439970715351
0.045806875051924864
0.04577906907214713
0.045905971074076866
0.04677335050147239
0.046976392721490415
0.047237229761048154
0.047678650160919774
0.047724528191585236
0.04786419331615606
0.04858762628193429
0.048210076984491125
0.049255634976572274
0.04949161956062656
0.04968960867245001
0.04975099090946329
0.04913032270033051
0.04923680522622601
0.05006434388551879
0.05021250172436501
0.05012802913285481
0.05007386519772389
0.049264281417665985
0.04929379876963283
0.04998804028488475
0.05015628872114053
0.05013110645831816
0.05011519236029462
0.05052385744978243
0.050598066977662365
0.05084065479739518
0.051468475039694685
0.051526442404051576
0.05167339550224411
0.05134818022696679
0.050815807360198334
0.05082925794186758
0.0508039617998618
0.05079958869138534
0.05087495758987334
0.051609493342916216
0.051643697320739874
0.05174965875025045
0.05213423240447385
0.05223914547209985
0.05238032276626988
0.05258041317958669
0.05310883445340085
0.05339197522537461
0.0540188247494006
0.05384446427894313
0.053720997634874125
0.05330132707539352
0.05375936322931346
0.05398638653826761
0.05416030964368688
0.054251749783349575
0.05428729971799637
0.0547267958314846
0.05510225925512514
0.05600347533632788
0.056279700075916726
0.056580366241998845
0.05683734909711932
0.05726298838689655
0.058031253317821094
0.05800094434407689
0.05808743272588949
0.05825298595262296
0.05782798100887748
0.058240748617966256
0.05828621392320862
0.05864189239986063
0.05896481703195438
0.0602361436713401
0.06033887855285362
0.06061534861894936
0.06085348225884981
0.061037231768116734
0.0604534691639
0.06052639204155953
0.06166008616794053
0.061495013524139414
0.060991793606730085
0.06200384453097087
0.0619031087194702
0.061893744253602404
0.06155642919027982
0.06217421000172385
0.06256382040851015
0.06287732650478182
0.06285500288762969
0.06308040591975446
0.06334046303880533
0.06339063284843968
0.0635967952780237
0.06406391926420454
0.06445631358907496
0.06349565470576923
0.06413365497417395
0.06352525317477963
0.06421494458774724
0.06419530113463981
0.06427401274153559
0.06442700450671993
0.06429662723391083
0.06438795599085051
0.06443111678883828
0.06458456213887406
0.06453257297139955
0.06379379366891516
0.06455849040866724
0.06452036919835438
0.0645223288303303
0.06442108063853759
0.06430515415100543
0.06426329014452549
0.06417294646142718
0.06412912910784374
0.06421763949172629
0.06409681445992908
0.0642685948103778
0.06447327751718868
0.06361942647781772
0.06486844100666458
0.06405077797244828
0.06400954368817595
0.06424333428922771
0.0645307682800382
0.06462121695552947
0.06544366371698529
0.0656838789094881
0.06595626830048082
0.06644435963547567
0.06673355761116326
0.06674114542823978
0.06665931226068186
0.06680487218018957
0.06676985082560061
0.06705997961309554
0.066362364550277
0.06711555244802334
0.06717497842350399
0.06752914253448788
0.06758921532320128
0.06783418708048707
0.06774995727796333
0.06789005137367253
0.06792153797427997
0.06805622756816204
0.06836655533921834
0.06805858675153818
0.06712301339594237
0.06792135568780042
0.0680038745681329
0.06792617866954723
0.06731964431334503
0.06782061362920568
0.0676659806721745
0.06767221321869529
0.0675036315706102
0.06727854095389237
0.06735010557553613
0.06733607266401749
0.0673866312666153
0.06646903808084968
0.06723642355607637
0.06733955143030944
0.0673210550585908
0.0676565601676859
0.06802801937662968
0.06832607711421186
0.06759219121378335
0.06743771736626757
0.06706084743794455
0.06708960178638479
0.06640720522795178
0.06638495653147626
0.0663119811614694
0.06631592435293467
0.06724262830232879
0.06704098075694973
0.06694131679601363
0.06701105973823866
0.06710575691270165
0.06725773170579077
0.067373174552537
0.0674690376653986
0.0677140203913772
0.06787947205407431
0.0680428229912628
0.06856935263245283
0.0676736265800603
0.06774653258365013
0.06782169864436137
0.0679490637562239
0.06852858601085485
0.06843651771567272
0.06844982777955357
0.06831823613003339
0.06868395656107189
0.06858486778706974
0.06861909558581987
0.06868257673113103
0.06863886663245514
0.06860524041330252
0.06861014289503825
0.0686522248434449
0.06882106324911372
0.06877316805806498
0.06790639701607235
0.06792546457630215
0.06796433282852476
0.06793750448159198
0.06776065162719336
0.0684131485479031
0.0688070833234468
0.06879643692142076
0.06894414083053403
0.06918142247431996
0.06985309007159941
0.06919953831814574
0.06879745416804776
0.06868486907454283
0.06793756689500557
0.06875769439351655
0.06882890071108601
0.06858468952950002
0.06848146801380176
0.06865617131313381
0.06856687763174348
0.0687208463689227
0.0687350371059842
0.06877821201085857
0.06870895963654051
0.06887422930200376
0.06893320766990689
0.06838232606888638
0.06921292479607706
0.06903699979612407
0.06868478204613639
0.06879049875798342
0.06884297593490657
0.06876643946879428
0.06857784366846677
0.0685270796923787
0.06834483818724975
0.06854205854619556
0.0684738730936018
0.06837069641708149
0.06847467905430066
0.06836064274288794
0.06839929406843138
0.06829956642711692
0.06810633618353298
0.06815795053500134
0.06823690236782809
0.0673678908695648
0.06726271978623462
0.06721793355871403
0.06727576481574626
0.06735714684595201
0.0680022896424444
0.0682087111425894
0.06849320012830784
0.06809160124700438
0.06816643520154113
0.06812956543374765
0.06807158484917106
0.06815953765523476
0.06720708255666898
0.06720096626765837
0.06733528258299865
0.06850582561808753
0.06815334405294275
0.06808162597642102
0.06804915914502749
0.06806777111475283
0.06797377914472265
0.06784623157744886
0.0679208650864618
0.06738891518960684
0.06738455389559783
0.06729096419032785
0.06698539802550954
0.06689211874878483
0.06756337898177449
0.0673645555449615
0.0669443850211766
0.06685593081579554
0.06680836143183247
0.06677721762198756
0.06663813210367496
0.06656344265133189
0.06664462895994484
0.06668502299136404
0.06668375833833132
0.06668375833833132
0.06586473208171864
0.06581313834985619
0.06666516478083852
0.06665066699362979
0.06665687490142137
0.06665885246260501
0.0666605940767288
0.06675608386339482
0.06650985976647764
0.0665095049305201
0.06599724439865821
0.06599585774039556
0.06608448318525471
0.066049179006702
0.06597408730878339
0.06592275093840778
0.06598921065711026
0.0660792483053672
0.0661777781433857
0.06607108699015318
0.06611483777023193
0.06606130511513157
0.06598280831974355
0.06569478951302579
0.06561292468436646
0.065636199222854
0.06564926437341992
0.06598910204333334
0.0659755713041959
0.0659971926660416
0.06584575193016357
0.06517674460221416
0.06548421839742359
0.06537029101929122
0.06550352510738373
0.06560445404792664
0.06554980155738337
0.06541185147167831
0.06536040344231929
0.06541922350329707
0.06548166998791549
0.06543204611639807
0.06483432116368507
0.06476627275291454
0.06487367290263084
0.06506273740010134
0.06505135748640202
0.06499969722598696
0.06513067194677916
0.06483886352217118
0.06461768388892697
0.06474904282293283
0.06467167774141164
0.06441774979440552
0.06443997285199025
0.06455686150096364
0.06457963097017953
0.06445332715294805
0.06397703174791465
0.06421884992573938
0.06433866483079015
0.064199430053637
0.06392279634489324
0.06372124142742702
0.06351526907763795
0.06354346196692874
0.06346511072206244
0.06335562462197585
0.06316691808491154
0.0630385121880396
0.06243726073411155
0.06296945123577408
0.06277748691941609
0.06277809618925492
0.06304681192282467
0.06323682404189111
0.06328814784019202
0.0631307672965665
0.06316332725663666
0.06327474498219833
0.06329565087511382
0.06324672284397971
0.06311892794271233
0.06280845386046018
0.06275819244967451
0.062447874773753076
0.062376067052843195
0.062193146936300604
0.06228495598296463
0.06235027434598407
0.06162109855178851
0.061512542863146065
0.06235697560362448
0.06227231469372013
0.06220544737353637
0.06214990365725314
0.062217765427637316
0.06230223520613918
0.06224499156301239
0.06237267123263625
0.06249293366278057
0.062438631035222944
0.06212823071029955
0.062423821559691464
0.062436281698248275
0.062162229015010166
0.06181048813982255
0.0616692925259413
0.06155080250183461
0.06132792127622212
0.0612135093617083
0.06105459586120838
0.06100303852200118
0.06079038177370396
0.06108909436591096
0.06114087938338416
0.06114894702216873
0.06117840353601495
0.06079386913972023
0.060637260982900565
0.06043082594662304
0.06043630976276157
0.06016230370344073
0.05992694911371569
0.05989292146865526
0.059822249415325546
0.05972378760513065
0.0595094562888979
0.0594440400622472
0.05955960015140635
0.05948337863100698
0.05920838167851749
0.05897635384293983
0.059150831632647095
0.059321490881559726
0.05957021811313351
0.05925954809774889
0.05929860419064823
0.059444991752001616
0.059264660003584144
0.059233479215444904
0.059049795906336695
0.05875856268602216
0.05876086197759457
0.058467536119999615
0.0580968928651425
0.05891564994339584
0.05893266558257867
0.05905099830645012
0.05910588363027686
0.059079303366602234
0.05910736167678602
0.05909836740027587
0.05821727144307952
0.0587929619361236
0.05895215370866276
0.058201394469734886
0.058201394469734886
0.0582476379812249
0.05813206291201588
0.057663931296259054
0.05807733266620987
0.05756454343039563
0.057360283217992344
0.057294643732397704
0.05711221650431994
0.056799285780705526
0.05654212582148988
0.056420590380970276
0.05660158928064562
0.056813160304265226
0.05621255543748448
0.05569148781719673
0.05491979978644496
0.054727521245456136
0.05474034036146526
0.05481147329669351
0.054777338533990985
0.05489791712866539
0.05524437204935272
0.055122696933812124
0.05463260935131594
0.05447057946035508
0.054532369172672415
0.05466470904721416
0.05504788086610842
0.055362990833150466
0.05497386501659333
0.05440552803408785
0.05518697991760518
0.05511192006131038
0.05515614563407796
0.05513292018990697
0.05513493536019127
0.055058989561653386
0.05486121852885522
0.054893508859677684
0.054895916753919624
0.05507801325902472
0.05444463428489232
0.05442085352186757
0.05456569634113527
0.05499439095830221
0.055177697848615884
0.05496848187035477
0.05492063772973334
0.054824264808547914
0.054875872514116464
0.05479698943139917
0.05495611134506635
0.05498610433040341
0.05485410503682422
0.05502318573062825
0.05516009466796446
0.05537190279621099
0.05558670361787478
0.05592862142564467
0.05632838326415579
0.05583054368784243
0.055502681920639514
0.055412395947988156
0.05544838260624199
0.05545176713264844
0.05541125279697398
0.0554548738248781
0.055531168993276925
0.05546552266819841
0.055532961332361776
0.05559164883986629
0.05555721529898181
0.05553669167188977
0.05559949517549688
0.0556736065128341
0.05563692493156254
0.05552095830531269
0.05593476448257598
0.05585757110770272
0.05591804188294838
0.055650188775287115
0.05557679619223333
0.05531251243429431
0.05513574617355733
0.05505963800871147
0.05450255558501722
0.05409987179447768
0.05381137061659501
0.053398141297337685
0.05319290844051318
0.05315200610803786
0.05321447443097416
0.05268442490264548
0.05282722768706126
0.05296859574077019
0.05293673319621673
0.052822125101895254
0.0529064370002032
0.053029430665921036
0.053133742044186236
0.05316831512809788
0.05284637910302687
0.05307859196845663
0.0531284854115396
0.05335155778647214
0.05300632473971474
0.0530439161724303
0.05321663680543117
0.053160967786315294
0.05325226533980689
0.05314939053384338
0.05313136702981205
0.052828426428039255
0.05274153725965939
0.0525162321578789
0.052421972660008795
0.052216005784644595
0.05140733443942329
0.05163693664717714
0.051346378552929825
0.051469971495822706
0.051489116135413515
0.051590907037359454
0.0514310481335293
0.051398619057577054
0.051579041568689483
0.05172536156804931
0.051810901783961964
0.05197665544579479
0.05180426528487981
0.05170295242088621
0.05135749350286701
0.050956409958179606
0.05108302191920997
0.05062873348830212
0.05034001436012239
0.050602087405659635
0.050323970670514036
0.04995752668495471
0.04957660047186194
0.04965941491301539
0.049239267161973535
0.048951966761811586
0.048565379370254486
0.04867831762882407
0.04847795806307703
0.04818784813446487
0.04820683603987863
0.04820683603987863
0.048481926172988535
0.04785752757679496
0.047408604240197265
0.04696487635633335
0.04671384398823041
0.04635153330204416
0.04623053455081999
0.04598320796812276
0.04567957718687248
0.04561780859163247
0.045816121514425406
0.04556725524255394
0.04556489244171961
0.04551117102405701
0.04536046700048063
0.04513289519572342
0.04518384742564416
0.0451835200027486
0.04496099587314317
0.044717045630248094
0.04346511968125143
0.04324414372194626
0.04378855071863249
0.04290155144234942
0.04411121633652625
0.04406137033269342
0.04390804318717821
0.04320380018645596
0.041963866570966915
0.04265267079009875
0.04233756487192893
0.04187729259850295
0.04156166417196199
0.041152767354692164
0.04082080715423504
0.04065952131332835
0.04085540137180879
0.04057364560914319
0.040345145185523464
0.03960995302990271
0.039239167826061454
0.038851817118877974
0.03882628753607806
0.03866004363302225
0.03820882773968792
0.03803063031258911
0.03781409014793755
0.03758925361444367
0.03749388516055326
0.03730389001989418
0.037358290290587036
0.03753846352478734
0.03723019483761216
0.03722434783932395
0.03731793482393655
0.037246673378027416
0.03723939596128681
0.03697143180390823
0.03694915758720275
0.036808362695113776
0.036736086286526644
0.03670613191318487
0.036569681483106395
0.036026062698633725
0.03577128221213531
0.03548081939629072
0.03535530418144863
0.03526042058024536
0.0350881801536983
0.03505073643973081
0.03531146924254823
0.03516111167721617
0.03507146473518803
0.03530099970576654
0.03567790189065642
0.036008414817891035
0.03593105698248847
0.035655745411341686
0.035462461525064354
0.03534437717987105
0.034563546515887784
0.034430038498128486
0.034085078769811414
0.03389971965067247
0.03357104120810376
0.03366905565218981
0.033078140173269814
0.033359723687652554
0.03342804608560041
0.03334773417521619
0.03312126272851946
0.032786099752117076
0.03268502210074911
0.032574145560944984
0.03214458178056064
0.032313162430601575
0.03231624575427816
0.032207485590843375
0.03227467095491538
0.032411072657103315
0.03226174648558144
0.0321373311481239
0.03210401601171679
0.0321194138949207
0.032001868567953444
0.031943143516949705
0.03185030809452412
0.03150355764228088
0.03144178034447412
0.03128762028408798
0.031069880306421452
0.03088920121377153
0.030559471069783774
0.030312598838319434
0.029726553458732017
0.0289726281501971
0.029190753989801744
0.029048876954579295
0.02888349931238901
0.028605296029859305
0.02866287456397547
0.028683822510798596
0.028797426167522636
0.028569938530436517
0.028486127577012077
0.028273753397876127
0.028172047969772407
0.027896903246025794
0.02738775492217279
0.02709960363448187
0.026481647153903047
0.026549595188153485
0.026687319169920638
0.026760816002971567
0.026657289128047698
0.026754085742451732
0.026690347444537802
0.026472266042876003
0.026546814593787445
0.02658726657575879
0.02640243397976595
0.026291620219556697
0.025968157537875482
0.025599505597363282
0.025032850560351736
0.02480365356725836
0.024743585102617437
0.024612243533126847
0.024834753787332405
0.02480407747678823
0.024395635671224544
0.02425498193845123
0.024370114815575723
0.0244930710375744
0.024521978967935124
0.024989893912652106
0.024601330282129588
0.024428735907199614
0.024147206545158582
0.02391556282115523
0.023525954240167124
0.023268306914594042
0.023097939030333584
0.02274775004294639
0.022746704588189125
0.022670263163020638
0.022728105660804312
0.022773868988668147
0.022480018389515622
0.022465440467868917
0.022593816681817123
0.022672204495795194
0.022610855644316044
0.022198462531854604
0.02194163983920018
0.021602757099833732
0.021380775869398554
0.0212361272534815
0.020993584111423602
0.021009181989855803
0.020844106902248753
0.020956131191374922
0.021148946906727025
0.0210052128374118
0.020921723438850643
0.021024057194530613
0.021212309507455757
0.02098456024706692
0.021031345470523363
0.021202034425158316
0.021542213181222448
0.021127194617352265
0.020499303891762577
0.020226050419332047
0.019920462123623566
0.019763784667562328
0.019456551610370878
0.01898099164727198
0.018649459122936318
0.018147986441638453
0.018056578048844907
0.01784778621618907
0.01791881331625716
0.017908144212322463
0.017876081752626168
0.01793044068688797
0.017903397581946593
0.017930000197021297
0.017920930709874616
0.0178797133963834
0.01741587791874
0.017145078601413642
0.01689888824224143
0.016195829262476064
0.01575616913473678
0.015408752982083003
0.015277232291238679
0.015377481010263434
0.015438931863734497
0.014818590367449652
0.014721134367611757
0.014591980489462872
0.014583368448580492
0.01462917652788657
0.014652592945345195
0.014737445082306951
0.014636163582941054
0.014482197587567209
0.014265020842855464
0.014139435784452557
0.013981171683352226
0.013821925301239615
0.013782393066352695
0.013795358265743539
0.013797115306284606
0.013216835056250788
0.01277953130477002
0.012478573867688868
0.011888273238578644
0.011441812206417648
0.010959616834031977
0.010694698391122465
0.010429717025417055
0.009752445042362628
0.009422197180255833
0.00920820759706516
0.009185077737168106
0.009164909651189938
0.008788711203278246
0.008184977339509972
0.008167186390737746
0.008291139185303009
0.007780346558967917
0.007615954254536889
0.007537810463885233
0.0076544107825839945
0.008021210993443606
0.007390996631326125
0.006992218739520067
0.006650138661880925
0.006663026170131389
0.0061825689034353225
0.005628522783063909
0.005027226726948141
0.004933031854213363
0.004924728064188837
0.00540478594344772
0.005788761625436415
0.005038049690223154
0.004128142532730251
0.0040527775847708876
0.004467869141463327
0.004709971256178082
0.004590701103200445
0.0038801076377685552
0.0032675988825569837
0.002694828415127335
0.002431902231464906
0.0021031742925972964
0.0020724758157483016
0.002236482355042312
0.00237760666114819
0.0025850326089984716
0.0030006467311865462
0.003333923449955733
0.0042955358815347615
0.003669177668195235
0.002221758089788993
0.001174033316051743
0.00043900761121174554
0.0023813486533681956
0.0030873091964305974
0.001765511529402555
0.0012743652604433285
0.002191594234682907
0.002094278238414258
0.0028462265080265144
0.0028780084460168645
0.0034012644589619698
0.0038349693667066127
0.0035657916187140305
0.00418514778986345
0.004920661914399842
0.005580064634548748
0.005673054522665657
0.006198963468516091
0.006533630904870386
0.006742385202253825
0.007267337646282754
0.007613354104994473
0.007844799025789512
0.008597541872179353
0.008824601545996208
0.00902028415133828
0.009442293362294168
0.010136783462278502
0.010759484151006377
0.011359472781080742
0.011716102878022432
0.012179949239991482
0.012922467496978578
0.013388331984869583
0.013805682617248728
0.014364143669815947
0.01494252835419304
0.015314807905506296
0.015353955510521294
0.015666374886707787
0.015874626404811094
0.0162863349049394
0.016268294038676776
0.016272049858446425
0.01631088027300345
0.01637446461735912
0.016582570971676987
0.0167578153009558
0.017143876340864884
0.01762462786294393
0.018365699038583913
0.018748136306989564
0.019343412607070926
0.01990853385587059
0.020585941595048812
0.021000423596234878
0.021737957092111446
0.022237274037675652
0.023151222654519868
0.02379029448046624
0.023913948843304427
0.025155990158960258
0.02517127042653457
0.025353618913586732
0.02557971230593846
0.025807295785875903
0.026137466491506008
0.02660511645784164
0.027015354014711317
0.027520746387601974
0.02787000113695713
0.028233440212983674
0.028704221117635858
0.028984184731398837
0.029349412069896823
0.02987349091373418
0.030687227057361655
0.03123000813858556
0.031357156420484436
0.03186533914764706
0.032065685245853535
0.032347031487636874
0.032714041000254226
0.03299457853442867
0.03326256919795047
0.03358543879257219
0.03385423265040217
0.03411061547290112
0.03445361290372498
0.03489320895153757
0.03533728855761296
0.035627394473459556
0.03605379720157307
0.03637578298809273
0.036511772609378296
0.036677826784781986
0.037214238226994927
0.037574468437701854
0.037837643793369825
0.038124020302482624
0.038569286097951856
0.03912461335812829
0.04001161980179885
0.04057294278040766
0.04127419692071078
0.04179987234540865
0.0423173372063016
0.042683566941274606
0.0430466955042786
0.04329605531136155
0.04336002550259595
0.04340753215255108
0.04357606516287987
0.04392024585423147
0.044534136530492985
0.04503513535907273
0.04535987028325622
0.04562506149278635
0.04600993480218242
0.04637398837931945
0.046839097710705546
0.04740844962720787
0.04790938020718591
0.048439974732120444
0.04921669969465087
0.049880839546763346
0.050438140481497765
0.05085694298753338
0.051177729507053925
0.05144556056694171
0.0518380014324389
0.05211918145741934
0.05232002562111772
0.052584567284024206
0.052862593017642207
0.053114111561821276
0.0539065024569073
0.05439013308014515
0.05405466485099223
0.05420609485689236
0.05400541795475134
0.05436601059090755
0.054593326447069684
0.054962828087838964
0.05532747769027616
0.055412435634937224
0.05580495950553517
0.05622086946722629
0.05643036137293314
0.056903635380013994
0.05725939349635026
0.05777683537482737
0.05812891537351405
0.05846041168596018
0.05871378355847535
0.058983327468431504
0.059257199015985064
0.05959570674474289
0.0601431215191743
0.060064052208377586
0.06037963224435411
0.06070136374080605
0.061870715274979664
0.0614635113132687
0.06175768305490323
0.06156223225701871
0.061721174131158005
0.06225507058589187
0.06262404244802533
0.06313673178281567
0.06351534291204265
0.0640032132381187
0.06452237401414122
0.0653413027699339
0.06585245716049774
0.06637611163417528
0.06697000939741675
0.06752790023844264
0.0681329839513174
0.06880143299895741
0.0693821604995456
0.06998020131316962
0.07043060633392395
0.07124191930319038
0.07233544500913933
0.07245515987759818
0.07300603195488306
0.07325248325561128
0.07381247691002922
0.07431132573957158
0.07488571782522274
0.0755230459407588
0.07615466923897053
0.07694557749880475
0.07753533811597728
0.07842840227306293
0.0796274142096989
0.08082295299781782
0.08196590930930282
0.08370536054918715
0.08473198366858724
0.08517648373330813
0.08621001105721228
0.08668048767626324
0.0869337087448414
0.08725132359353091
0.0875070224689166
0.08756992105555778
0.08755482330102667
0.08757151835775441
0.0875653021776915
0.08756886783973229
0.08758636625729221
0.08757965434109183
0.08764346966750726
0.08774017608546754
0.0879953222954278
0.08827343149760299
0.08860118930743931
0.08886279371410569
0.08914299879514893
0.08934891320227542
0.08964337962921723
0.08994207112397734
0.09050263681356213
0.09104487761608161
0.09149299447986611
0.09202695244207483
0.09262400151790184
0.0931090497403345
0.09371878625005443
0.09464542521272994
0.09554395309056615
0.0963387512932125
0.09705530081630127
0.09856033796274315
0.09833086997765784
0.09893430708617543
0.09956731749755994
0.10006092232240103
0.10073624384018931
0.10114938891570635
0.10176670865516095
0.10229296879984424
0.10303170550122476
0.103734823318684
0.10436368800166979
0.10488194645284793
0.10542253106846439
0.10589878764794483
0.10626340835249677
0.10668362155314284
0.1071126217550765
0.1077008339674246
0.10825007096101806
0.10895161473001094
0.109483026183621
0.11004253590902349
0.11049227694269263
0.11078689326676902
0.111009305370778
0.11132472961572455
0.11155489264512548
0.11169720847828872
0.11191632551542359
0.11214751951016987
0.11227006765830998
0.1124097865863152
0.11251253408126353
0.11254032861626072
0.11259473781248439
0.11272441840170126
0.11291664836888946
0.11319586732823633
0.11341003086141238
0.11360148445751451
0.11377381163409535
0.11396515924140065
0.11424773480826808
0.11455972346051155
0.11503624501511417
0.11559563958081752
0.11615673998428191
0.11666832758674404
0.11720855023831837
0.11776637204592139
0.1182429134937883
0.1187381850263031
0.11911047907030514
0.11948991514222618
0.12071168194000818
0.12078066447410521
0.12077158060489736
0.12125824989578547
0.12170716122767374
0.1222124971932178
0.12269392615314682
0.12313745223185608
0.12351572765816764
0.12394304584202451
0.12434474824050938
0.12471829678096495
0.12511301697216887
0.12539517507186185
0.12580176442887833
0.12634428419825366
0.12677049218330147
0.1273720643227309
0.12802468777141798
0.12825354255240057
0.12876840390423913
0.12904306637626006
0.12936750160525137
0.12971693824617744
0.12996706146419607
0.1301705692721653
0.13061160625095206
0.13051777469109996
0.13065622005198077
0.13082861272909047
0.1309891850638143
0.1312071149768008
0.13146014127466982
0.1317901656622001
0.13210973848627336
0.13245439218594304
0.13298236839241515
0.1333077337927788
0.13386886561780245
0.1342643478774954
0.13465568649596726
0.13508053457245944
0.13547136110459887
0.13588411644486528
0.1362204465889976
0.1366696356955522
0.13731802143311134
0.13780445310796693
0.13842009487954793
0.13874054106588968
0.13908735732465863
0.13931705159049576
0.1394414716723671
0.13960060342359534
0.13969345744282086
0.13981865805229574
0.14003025330228502
0.14027390666551423
0.14058205333948623
0.140933109013944
0.14120135449924473
0.14143169689413967
0.14166564916820826
0.14210499586063666
0.14257508177318295
0.14288991853345867
0.14332610078653935
0.14380139057219476
0.14396836229238572
0.14421181916804188
0.1443749853599089
0.14453548042413006
0.14465925175333796
0.1447630667987448
0.14488937558377743
0.14495261820881397
0.1450597305237326
0.14528200640681568
0.14593223035324704
0.1469736575850631
0.14712651122826706
0.14754922108517624
0.14800352761388988
0.14849336305013972
0.14894436126779836
0.14957441779260933
0.1496992264834075
0.15003718388816106
0.15051507295120112
0.15092031462155023
0.15153104301710046
0.15180822784559625
0.15270414338323826
0.1532771017028223
0.15392232613334172
0.15443910260910534
0.15469436208344317
0.15472436169929202
0.15487629106280718
0.15497037716873857
0.15536836337541773
0.15559245576325825
0.15592874917653804
0.15633152860855298
0.15666070841174373
0.15702192411584873
0.15756483494723011
0.15804631212441989
0.15840167810931297
0.15872319392607875
0.15896039586945354
0.1591113630483109
0.15929955412818703
0.1594819007316385
0.15973679546257719
0.1599717352490484
0.1601394208558751
0.16033281279812003
0.16054327207539792
0.16070681209351464
0.1608870265434164
0.16106434301334777
0.16117292817453951
0.16134525034815356
0.16160490396878008
0.16185821366946915
0.16215943665042615
0.1625652661250861
0.163119360241423
0.1636323267864101
0.16433019401880564
0.16474049345559622
0.1651147903465723
0.1655571267585184
0.1660683590310212
0.16648796447079545
0.1668413221098743
0.16706657288030696
0.16729576306528934
0.16762072059805858
0.16789177691983428
0.16819116911717874
0.16849904863110787
0.16890748919013926
0.1693818619665393
0.16964333561198958
0.17011011664223577
0.17067062165983804
0.17148440527133557
0.1723093815095539
0.17294889786099119
0.17375386649127275
0.17455751501745703
0.17564944830164286
0.17640546642547408
0.17728053109949982
0.17798378372449436
0.1788107774378045
0.17955818253805422
0.18049760154236252
0.18086491672358448
0.18268909096401206
0.18362466425595014
0.18447897077458217
0.1854094748620647
0.18620932735096585
0.18714503060391416
0.18797366843621052
0.18863065352164243
0.18953441440922994
0.19012974086329104
0.1907698868359336
0.19140278346871722
0.19230130918887417
0.19316205967462438
0.19384442211638306
0.19470743917255923
0.19575690778042878
0.19663059691220183
0.19809466621027433
0.20006380608695734
0.20163799433362198
0.20286013318042562
0.2043575687516898
0.20549387561411572
0.20635098643160799
0.2076146422797958
0.20923063843230863
0.21036988763700173
0.21163777791979804
0.21210792876715265
0.21264495169002418
0.21330797900049953
0.2139567631057881
0.21434472771189647
0.2149277557483379
0.21547752669333325
0.21632301757592035
0.21755262603440514
0.21862820135714223
0.21926176797592994
0.21933766226806628
0.21981613971641342
0.220705182083405
0.22150005159333302
0.2228409635523646
0.22446581279144645
0.2256853561210875
0.22685058258449836
0.22790334049898006
0.22842553406986882
0.22910806540820802
0.2300979278689178
0.23078761000557313
0.23106179688703415
0.23160281491494508
0.2317480898555444
0.23187312792866357
0.23212139957186617
0.23232680669941116
0.23244875910715956
0.23340167181649912
0.2334831240997319
0.23385067440652096
0.2344326730447963
0.23480324891818657
0.23515570172510553
0.2354933169602125
0.2358467462099135
0.2358831085228086
0.23608146980329772
0.2363092856460997
0.23671064881375234
0.23732448732733474
0.2374464215144286
0.23679891508202588
0.23667203408740525
0.23716681385509683
0.23768720871429827
0.238177236193479
0.23880293451529372
0.23959704863739986
0.24005480441263374
0.24045990183734142
0.24072657178079657
0.2414110991248392
0.2414930680493382
0.24297655606812163
0.24345265303635935
0.24338884208401942
0.24360474477757
0.2438922330584334
0.24384394895465963
0.24361802237952543
0.2439695604073863
0.24369013661528013
0.24352292629759031
0.24368290739039045
0.24367211776835568
0.24401239044656642
0.24447754248409828
0.2438238724804249
0.244482368546371
0.24463389215951872
0.2446419014525001
0.2446306142465644
0.2443320914339678
0.24465760089092956
0.24471217601779832
0.245242601249457
0.24536651514272262
0.24527521393031057
0.2455824178787448
0.2457020342260704
0.24585935399864434
0.24649495159776225
0.24654318346217693
0.24701892953907256
0.2466489530194104
0.24668915218870785
0.24652626742104652
0.24640181086618995
0.2461964803550123
0.24533191025938017
0.24560923747919833
0.24514026823587345
0.24498999618986542
0.2443864126299292
0.24405053802952284
0.24440561813322817
0.24431010193504524
0.24426567836109994
0.2446457958551726
0.24474826821513423
0.2447568638919685
0.24402519823067592
0.24385193391898372
0.2432822862902131
0.24326804483745368
0.2430496731043915
0.2429187338983423
0.24283526861817695
0.2424492636106102
0.24245679730928255
0.2423305205174572
0.24226056862914672
0.24174228711803725
0.24112939438168465
0.24046459981189816
0.23980261518722387
0.23894713195911066
0.23746767207624453
0.2365535337925895
0.23554863081270103
0.23477830740826414
0.2341629379879025
0.233951244919093
0.23278431360731128
0.2326598433452008
0.23316658304446666
0.23198646609249438
0.23133985964302425
0.2307936573354059
0.23036492591536922
0.23051358009061867
0.23038363688594118
0.23006396462937137
0.23003898528252623
0.22954216023796617
0.22930209655599218
0.2285597308863482
0.2279258283121656
0.22724080186200593
0.22661590852345403
0.22591917564614178
0.22467559313518676
0.22498962198029424
0.2240756663781875
0.22323383233728422
0.2222933431473576
0.2223374994981729
0.22232454757669556
0.22242566130856883
0.22212136091550141
0.2215885021947146
0.2212320005624896
0.2209269890182398
0.22009513081812868
0.21940120095335908
0.2184300282100857
0.2172515964789423
0.21631186638120795
0.21493426777094438
0.21332904886872514
0.21275112917037725
0.2120905051850795
0.2103753219738607
0.20913790177311073
0.20764505992551588
0.20724162548702976
0.20703311409812633
0.20677523602072817
0.20633044762356556
0.20593790034059256
0.20549054904893713
0.20496501444998083
0.2046259538277875
0.20428525526264826
0.20398584914421786
0.20286386536043127
0.20176580292482696
0.2015653316303695
0.2009897978773017
0.20052793729454912
0.19999961475420905
0.1992943091921617
0.19909148291512063
0.19839953006564012
0.19785038352040374
0.19722637990739067
0.1966428515111175
0.196202640209602
0.1957935055671663
0.19534989465868885
0.19483296938399147
0.19417443182687497
0.19368118756564143
0.19321347829407004
0.19282489801602581
0.1922361868220057
0.19193622900274682
0.19198813710872803
0.19158013419621459
0.19140753814144723
0.19121964941991906
0.19083718669062896
0.19072544541592004
0.1902808548800695
0.18999645068869345
0.1897466215963107
0.18993720400741373
0.18910863322877813
0.18886966298743174
0.18831542947629168
0.1881963989046728
0.18784461858230872
0.18761629360929644
0.18738109766234054
0.18738208547823398
0.18708406584142218
0.1866989425688294
0.1870842696944326
0.18715802447271662
0.18724059167344362
0.18679414092923907
0.18641271427768114
0.1863706532749743
0.18615664052551156
0.18597034207497481
0.18575455997050572
0.18564834308744665
0.1854743074970459
0.1852384442225103
0.18501839242064713
0.18474404314174112
0.18455099077514098
0.18439510091596217
0.18404586958371985
0.18365047891484923
0.18364506375829667
0.18356833445406245
0.18318436026301646
0.18298534374023465
0.1827094697951207
0.18256416134946718
0.18241153881479752
0.1821982822066042
0.18202807170369334
0.1819487704943395
0.18176858125108333
0.18147655151217942
0.18153699403189366
0.18125020054586058
0.18096296739666431
0.18074189999840737
0.18062091641853487
0.18048694992594655
0.1805174444587626
0.17995511220545046
0.17994211390689058
0.17988297314197438
0.179560110575728
0.17864688488693808
0.17842589949917487
0.1780137378505397
0.17785975830126255
0.17732646939082883
0.17709100658829977
0.17704698295727087
0.17693032085791924
0.17674429540936298
0.17579556598563736
0.17550292743926377
0.1754238733772046
0.17528700693259422
0.1743500442538285
0.17439953007155748
0.17458820818799994
0.17410200082282026
0.1729311293664083
0.17269002225015634
0.1724941896612874
0.1722312946769828
0.1719770468764227
0.17122095585856925
0.17093195888001123
0.17074009433103904
0.17048597651897507
0.1696380030956214
0.16938841160890478
0.1692469532209185
0.16945208049450067
0.16856679016016654
0.1683536874978876
0.16822723821690724
0.16781192398183203
0.1673918913621153
0.16712719145750585
0.1669946438815191
0.16438801359285726
0.16405976646734116
0.16385958651042928
0.16373049122916114
0.16333528581305584
0.16318241070107503
0.16301430389179075
0.16281596746287713
0.16255751506652916
0.16134055245811466
0.16105871747424563
0.16093797076107333
0.16086493338148924
0.16074810184751745
0.16009500853525083
0.1597842802081162
0.15961589348389485
0.15948976867053502
0.15936203722798206
0.15837538556086286
0.1582955395114077
0.15793919475732587
0.15766127736085653
0.15747088445737162
0.15636520871418239
0.15604130362827898
0.15596048129317533
0.15579431769156035
0.1556729581387518
0.155497144210404
0.15538343601048926
0.1552287583496483
0.155693920732929
0.1543157303657903
0.1535307698335255
0.15341279697693913
0.15330255177747418
0.15308194960840604
0.15229176485093607
0.15207726106211394
0.1519240248870405
0.15177685485165654
0.1516078922410487
0.15150640620679506
0.15135751708220696
0.15123549808063555
0.15072264895830803
0.15054545335419767
0.15033947757888427
0.14931896683852244
0.14896903124324473
0.1488344220469368
0.14864480867036933
0.1483508768829873
0.14738353635777623
0.14696417324481909
0.14673005846430617
0.146460177968225
0.14626118524090756
0.14613580418425828
0.14529124331256513
0.14503151182341834
0.1449159899124327
0.14475966060916456
0.14452163482119149
0.14370082461342892
0.1434426161849721
0.14362167568391268
0.14333674231663754
0.14364920651665194
0.14344006403144582
0.1425347405532071
0.14208158490388698
0.14182830150857315
0.14164229368612227
0.14142599473446416
0.14068803371206678
0.14050516863492366
0.14047632812666014
0.14035526044540209
0.13967761387912297
0.1394870945738407
0.13928109198787536
0.13913662864996776
0.13833059481281043
0.13817554332179166
0.13803254857661215
0.13782264766900515
0.13746914541935323
0.1373148458949486
0.13712662420291893
0.13692082185934912
0.13666274867683648
0.1364790661229296
0.136268228768501
0.13590679877339626
0.1357293909618398
0.1353733217864068
0.13509603133189532
0.1349391025365336
0.13505028556904988
0.13438869283009908
0.13408389145205646
0.13397202325965352
0.13375679841679192
0.13338841019136255
0.13312099047309883
0.13288040332578213
0.13282721659201302
0.13259203035126121
0.13231741813706321
0.13221640673534074
0.13206982589696215
0.13182998651560726
0.1315747067130509
0.13145810508883357
0.13125257155061157
0.13106009986445863
0.13075971986536455
0.13061246218021683
0.1305632964878295
0.1303652299122234
0.1301768641389877
0.12993431137708616
0.12968905128242678
0.12944346817436247
0.12931417922514987
0.1290907831739584
0.12879520362196095
0.12851850459804087
0.12824562268127873
0.12770511392367093
0.12745596624467959
0.12725904780612735
0.12714531773107476
0.1269988294276735
0.12676161506281503
0.12662467296265187
0.12648026218960548
0.12613855023063414
0.1260057872888459
0.1259271002014137
0.12579102207661758
0.12626953256753018
0.1264112601958719
0.12505220504950404
0.12474904500529775
0.12425885236997539
0.1239881890990106
0.12378144320820558
0.12340684511080226
0.12317671439160924
0.12318234185325863
0.1226861313132312
0.12233805893307677
0.12199399448852932
0.12188062979739753
0.12156121717849501
0.12120917520504199
0.12088145174088319
0.12087737753558811
0.12059190318405402
0.12040691615739502
0.12022839251036008
0.12013383117472355
0.11992222080154762
0.11975918836252127
0.11975622157312926
0.11966564816725755
0.11952794492256874
0.11952301635503747
0.11988883704328097
0.1197049513096317
0.11925640682910203
0.11918199433763436
0.11907129987180716
0.11888209991734462
0.11873033283614173
0.11863706639461626
0.11831599167642926
0.11803372016943263
0.1178138312893461
0.11777001033255931
0.11761881125819491
0.11753776274579143
0.1174860561968976
0.11749923783263055
0.11741354081651587
0.11723407853058972
0.11713044593622683
0.11700629268322195
0.11676166304917016
0.11655826988897008
0.11625382013309157
0.1161465575105129
0.11607300665720502
0.11610146880537335
0.11604490099479811
0.11594296255162903
0.11577156700299394
0.11565485440555531
0.1155835358765438
0.1156428964251257
0.1156846144026272
0.11452134893758159
0.11427810556030207
0.11394298720971631
0.11368628433577367
0.11346609514318813
0.113229419079809
0.11304923291930236
0.11281156895712498
0.11257599250571887
0.11200335387107568
0.11180509694889662
0.11178526149192887
0.11159830739081103
0.11146206056242904
0.11137198763762877
0.11129822452447422
0.11108405760788903
0.11092117025025823
0.11066030456664899
0.1104455798392888
0.1101171622859128
0.10968493069199596
0.10948710578241454
0.10943820806873285
0.10903521141689608
0.10870780902895143
0.10853035192883247
0.10840397370268312
0.10819804824486054
0.1080128592902882
0.10796801507256897
0.10786654752203173
0.10756669151696678
0.10752931822683408
0.10747077408145339
0.10766112668133412
0.10737266392719064
0.10695096979400807
0.10648595828623382
0.10631001009638309
0.1059681669891237
0.10567679218498051
0.10529444436953314
0.10505804639660261
0.10496216499159552
0.10476600867904311
0.10451168886754768
0.10421253555137827
0.10400208435973884
0.10422169739509206
0.10377546533774057
0.1035066112158542
0.10315786684759826
0.10300234582669097
0.1026561461406747
0.10235084384465096
0.10192296897830318
0.1015136688345974
0.10124480360398863
0.10104337579780477
0.10062291258593425
0.10027587261094228
0.10004383980841594
0.0996853883210175
0.09961517304073587
0.09927383569530215
0.0994833326120579
0.09904140935377283
0.0986308875576158
0.09805148295292117
0.09760892655712211
0.09737681738854717
0.09676880837108301
0.09643227780219968
0.0961728050084066
0.0957013541955026
0.09579842774332417
0.09570167491003945
0.09561953366429964
0.09536988957486088
0.09534884139938415
0.09504726503995178
0.09480320782353988
0.09455174777063584
0.09437363163128264
0.09422600576078788
0.09386016273205139
0.09361262542476112
0.09354677202787164
0.09343993403143795
0.093146206777375
0.09307237778110584
0.09306640880545981
0.0929577474534114
0.09309985751296551
0.09281528285010533
0.09285105987892131
0.0932936674294739
0.09270119025534138
0.09244654218895176
0.092326903474906
0.09217312466056529
0.09211063809619953
0.09200491026547822
0.09174274887157606
0.09192791984459096
0.09189716677933
0.09195810425092689
0.09189684345785432
0.09191055461608914
0.09188982685541117
0.09168382543322263
0.09144838919793458
0.09149962023225613
0.09164505209014118
0.09150220882283049
0.09085956836835098
0.09061305307255665
0.09042261120006188
0.09009111243816333
0.08967326739345537
0.08923058841754879
0.08897811562825773
0.0886639262218384
0.08852676415444964
0.08829752024905645
0.08821672334698427
0.08806224525698426
0.08799202387449533
0.08796778086276631
0.08791450154066514
0.08786454626454328
0.0877514516773674
0.08772707331158988
0.08764766498841384
0.08757543013066357
0.08754923796149972
0.08747674775034593
0.08741807266501231
0.08738325569532505
0.0873276034296792
0.08724460517435041
0.0871879350245985
0.0872242161164476
0.08713060458587105
0.08709371463743659
0.08708779792137705
0.08704772103033549
0.0870261578829924
0.08689275845320794
0.08690467385651962
0.08684211001900405
0.08666571183374067
0.08662871577485974
0.08653540963728126
0.08646190702286088
0.08664064602218612
0.0858748054611788
0.08554236520674732
0.08524308748519485
0.08496843236861268
0.084843027661969
0.08470310491102954
0.08454270639242754
0.08442904284235926
0.08432924007874144
0.08425731569085543
0.08420352213943914
0.08409821282939466
0.08405912026323982
0.08374166830327374
0.08361466627697792
0.08367283605981517
0.08359233416978441
0.0834142543812994
0.0833264345184835
0.08289077058716868
0.08283277386641916
0.08270943529111022
0.08260896257151616
0.08258864783745345
0.08254474252898272
0.0824687223452274
0.0824687223452274
0.0824687223452274
0.08231716873340716
0.08232295769498574
0.08259879667854426
0.08228046437586392
0.0822273933517503
0.0820788288266656
0.08211074823959547
0.08197905256420794
0.08179867701680846
0.08141298640855034
0.08140561865003476
0.08133533841913487
0.08141698015360457
0.08127790917111487
0.08155932598909302
0.08109012623251174
0.08087917867055963
0.08073153503726997
0.08087178191259614
0.08099534813886657
0.08046845949912923
0.08037076450167353
0.0798714580227049
0.07970766618107919
0.07963559057360992
0.07976033248446271
0.07955616127878126
0.0793768343674943
0.07937066241236108
0.0793050682071321
0.07921202202890153
0.07918899494355765
0.07924104598600937
0.0790200483097067
0.0789784375476982
0.07875999479549545
0.07851853707841791
0.07842874901624271
0.07827966158267398
0.07831455495896532
0.07804235101706176
0.07783676928955996
0.07789922690786474
0.07777867039317392
0.07741473182238423
0.07717805224527892
0.07716382458126486
0.07719510669837
0.07708147497668187
0.07708287113167317
0.0771070705713113
0.07695201392267376
0.07685628953500927
0.07675975251373131
0.07665027126820301
0.07648423203941779
0.07630077553402284
0.07638268599924716
0.0762829260860189
0.07614147203614921
0.07610768314929665
0.07610164332725793
0.07636637124909144
0.07630066008942182
0.0760656313126526
0.07596422850887383
0.07584432943604733
0.0758100924848458
0.0756719327681371
0.0757768511704371
0.07555880377138624
0.07556667943423545
0.07530934583789631
0.07525625143349605
0.07524195721216013
0.07528710102481688
0.0752496551907578
0.07475683021233717
0.07478423014577841
0.07440082126718936
0.0743581151737945
0.07427739285881475
0.07415020151277221
0.07361624661461945
0.07352954262633714
0.07344824778623321
0.07334563025138455
0.07330183171860412
0.07324256968322847
0.07329827559353053
0.07338530176842341
0.07319703725624352
0.0733235877951311
0.07399493323320737
0.07374455370957424
0.07349145829113227
0.07372535295031928
0.07294343957706213
0.07225918935162874
0.07225985755520309
0.07217281707455529
0.07239636076962924
0.07277107682019796
0.07347046458314825
0.0735240363224207
0.07340643071506055
0.07289255697346143
0.07209894239563922
0.07195807516063689
0.070539878428875
0.0704055865918174
0.07057581089521385
0.07043156576234724
0.07031620824316984
0.07003494535553048
0.07005175004249804
0.07031566790402559
0.07011553538920097
0.07007960135515998
0.06984272137562908
0.06939147059924389
0.06919348012452241
0.06928134374610609
0.06927692236116853
0.06913153937188038
0.06856889536862455
0.06821906875588327
0.06759182193536971
0.06734630228034336
0.06708594527606301
0.06712891508542038
0.06693299337306587
0.06604422936857451
0.06559736795096226
0.06520850733668226
0.06439876551420383
0.06413036132900873
0.06395256425634185
0.06371815214583414
0.06349963855926609
0.06323028356952134
0.06312020111940535
0.06301507485702681
0.06288599015413852
0.06274333979934352
0.06259401712114307
0.06255491610948108
0.06240825487241496
0.06234155960660298
0.061984592020030906
0.06186791529685329
0.061946560348472436
0.061703489830356215
0.061621403572406266
0.06160745044108366
0.061542615820844714
0.06146319179317351
0.061425517993809804
0.06132919994452425
0.06134398383806409
0.06129432807606189
0.06129908904499254
0.06125308596202445
0.06161860672272318
0.06106749703135471
0.06080218118345567
0.06046174244703779
0.060474623212186426
0.060440981156911947
0.060225527616808903
0.06026751156826727
0.06030756749851031
0.06069898910873446
0.059757437201225276
0.059522922858755156
0.05924960694957593
0.058933596027202294
0.05858999798673136
0.0585910039006006
0.05849749141006415
0.058215443610754536
0.058027166860149755
0.05799181045285068
0.05792735561814467
0.05823608972006243
0.05755857687051773
0.05756125912329519
0.05742257690633138
0.05712862057218035
0.05678261338555808
0.056766979711829486
0.05655524763108761
0.05637429132104686
0.055952636352593316
0.05578925605543099
0.055634490608819004
0.05572448513130889
0.05551031706536141
0.05521589904428492
0.0549465742453537
0.054293357342398374
0.05421311029100338
0.05439732240471443
0.0540981037545513
0.05350863553942358
0.053429989803255355
0.05284291712601186
0.05247404038526087
0.05202655692208017
0.05144190830480125
0.050848961975488
0.050800222096340567
0.0506710185504151
0.05015922590207506
0.049899464858230456
0.04991520824989376
0.04959607053497936
0.049999275657944445
0.04930323333782899
0.048990066076926964
0.048662265213384875
0.04811690514972692
0.04767369442075135
0.04674553748580164
0.04664002055306369
0.0461883405417301
0.045615070113641194
0.04535894272963531
0.04503696598637376
0.04454316924603618
0.043858154039965486
0.04376493653244536
0.042955555478349894
0.04267180577476745
0.04219790815254266
0.04155088801020325
0.040904692489319
0.04049764847082844
0.040319997450079435
0.040194048806348026
0.04000225452688712
0.03916328674541452
0.039151185016192976
0.03819188859614807
0.03784249838816582
0.03763220824947036
0.03730695290340283
0.03733701757783924
0.036261946000025636
0.036374753943404725
0.03568868336182019
0.03535976978096048
0.035365296925386744
0.034677823475691545
0.03439488439560743
0.03340919355024636
0.03285517326804559
0.032715734350926305
0.03219975412210951
0.031890366904261544
0.031485131341016034
0.030824696872749805
0.03044952715536512
0.030195543965093323
0.030109570667649986
0.030252665313458212
0.030132391589747776
0.029658684969334864
0.029357245986982753
0.028538295371504235
0.028599486828870598
0.02834703473170804
0.028113593652417942
0.02806196446207292
0.0279755915572355
0.02791922016328145
0.027520652068742196
0.027046120533400275
0.02690657108974633
0.026050776582770274
0.026512233149519043
0.02586022795136102
0.025801382617861187
0.025634647002224648
0.02554458717088388
0.025072608147815634
0.024691236869207843
0.024302724261868074
0.02410464757076336
0.02369276301201391
0.022966968973672775
0.022732973605415298
0.022528495211523766
0.0227960666741337
0.022100672799841875
0.022048882869288505
0.022171538408132154
0.021928000827258518
0.02177036809638258
0.021507059589700728
0.02117214681213946
0.021045115992683334
0.02088696518654846
0.020891940325891176
0.020808211867656072
0.02102808862417248
0.020837031787403194
0.020131642528281046
0.01957742682054753
0.019310848610447205
0.019303053022238937
0.019065981018972465
0.018890715833500615
0.018497765819714497
0.018240287763283042
0.01835115291235549
0.018044846755682804
0.01801759006870328
0.017972083901519272
0.0179938058687993
0.017562161573192243
0.01767551711949344
0.017275251492175518
0.017471383012465088
0.017260882804138223
0.017563028352559233
0.01631391474567682
0.015837640576960365
0.015199510505394594
0.01478586131743775
0.014552987672809548
0.014121144194565628
0.013952129687587137
0.014304346334164485
0.014321811167533588
0.013581427847541431
0.013091352350681474
0.013267659907579332
0.01292142695658737
0.01324173221061333
0.01270945185543796
0.011956206812965763
0.011610127947741277
0.011345239963882963
0.010941448225573415
0.011042121596228109
0.010989309455772006
0.011102228014005558
0.011044640322531432
0.011054158798901021
0.011268631376052904
0.011015059129999281
0.01008934847387024
0.009545491947897203
0.009395239919269978
0.009157889553184313
0.009207901593055465
0.009813396194224966
0.01009900060556908
0.010395910280510394
0.009821619092815738
0.009298780702138775
0.008890502537148716
0.008681802466868999
0.008494172606254846
0.008396577894014393
0.008124267100177752
0.008093581452084848
0.008209807654065676
0.008177932707486625
0.008429750954791522
0.008324556651607008
0.008097979643898847
0.007810916126317387
0.007320473764250942
0.006759474052904899
0.006968509470590056
0.007013618332902678
0.007111591829737787
0.007287078628388447
0.007424440806231752
0.0076740405969416125
0.00821948494489217
0.008430942260930307
0.008697938937888974
0.00937087822629724
0.009244045003462497
0.008270880552130568
0.0074156731582883635
0.006504469389067704
0.005490624292923573
0.005035243086373986
0.004879265819669953
0.005146251289202646
0.005603792296736117
0.006112070556186888
0.005101028161679198
0.004103433129303329
0.003673807754512654
0.003655260263824639
0.003967718870957606
0.004815939045260728
0.005410331697098586
0.005456016673400181
0.004038080406771787
0.0031265310358564464
0.00245226589694521
0.0022098075617365998
0.0019158206072786117
0.0014556728546651502
0.001443399157565664
0.0017027484577110006
0.0022502934748026455
0.0030287512055242605
0.003824956303166
0.004961702930515411
0.005051667131691289
0.003915607825341469
0.0026681498844728707
0.0013125900749843033
0.0007104777649096367
0.001954439443287328
0.003769861009770243
0.004847327236201962
0.005077370087687469
0.004315370751016455
0.0035258219429098554
0.0024829285056590877
0.0017220547661699517
0.0012486487281011859
0.0010924603102290644
0.001846434625339764
0.0029409684113409977
0.004063641115947032
0.005360062208283057
0.004294518176917195
0.003208816480512565
0.0023144835020722796
0.001965710680944965
0.002514873599630315
0.005657133284861803
0.005503185230905097
0.004430629294693559
0.0037864421325437096
0.004340836295623793
0.005235028183895163
0.006804007640775502
0.008397240058988602
0.009513153420748894
0.009723908036481212
0.009111520009829113
0.008761640439120474
0.008615500721908599
0.008217456405363362
0.008050536940056459
0.008433280761649533
0.0086059537055691
0.008568886776478804
0.008554879153648016
0.008585861294866702
0.008766054377611259
0.008427197869242425
0.008215986972758658
0.008307743497445926
0.00847021629821213
0.008633553235112917
0.00918617925754658
0.009535724741231344
0.009522413219487345
0.009869556347387641
0.010447931438637537
0.010169258028906378
0.010237828339682831
0.01065276482959408
0.010574608175722427
0.010263676458418624
0.010264355578792643
0.010124622020814876
0.010348472607492637
0.010655297096772829
0.010897933695313772
0.010782772888442307
0.010570784097260396
0.010329547038279608
0.010274780295055876
0.010618761590413906
0.010809150518698067
0.01080992113571333
0.011048372326393358
0.011026734808270804
0.010780708221811142
0.01056211523958154
0.01069485375509268
0.010666924933913401
0.01068768967519908
0.010852919523669537
0.011047935944891197
0.011296405872965576
0.011490774435670294
0.011079072244233646
0.010572677170601298
0.010370014631716577
0.010611371583330002
0.010716653830346975
0.011219473591668921
0.011597445678083356
0.011388867579052376
0.01109504909826961
0.011321983732486269
0.011407954763932752
0.01200277215148317
0.012278101872144979
0.011983630238612514
0.011927115964501392
0.011845936980557983
0.011856246252409943
0.011606709692084655
0.011659653565098639
0.011595045606740491
0.0113818267851984
0.0114649253719186
0.011836457739369885
0.011714694036451588
0.01212023461651843
0.01221120490647044
0.011985646246452515
0.012158548303124097
0.012130186306509558
0.012257798031218623
0.0122359084036479
0.012222711173898778
0.012395553045179456
0.012320819166672912
0.012384231189613796
0.012432485164721336
0.01260127958096317
0.01264482634809102
0.012579311555578383
0.01236716065614216
0.012248772881023048
0.012015607404091626
0.011700659940476803
0.011690214989645096
0.01169221082961411
0.012010217863643265
0.012347932904886234
0.012436667857698676
0.012864575695253067
0.012937671075787029
0.012955842212278426
0.013167519460250863
0.01327950848357008
0.013017417343678572
0.01312879398089352
0.013240459394746162
0.013324789310852405
0.013236524242566933
0.013256808225071665
0.013372629288957986
0.013352231660030765
0.013603695637167098
0.013769233454817825
0.013858233086959743
0.013861026818726072
0.01369232882986272
0.019129986165341287
0.02566714028008284
0.034687077912734475
0.0431488079783365
0.05168457311997336
0.0551713748186341
0.05353742866835281
0.05132187909700766
0.04975440421007244
0.04537075104043674
0.04231627484005174
0.038875704083604065
0.03549382286270809
0.03319627675502046
0.03105268352624861
0.029633309757922117
0.029659453520644016
0.03351676573025666
0.038213745109122135
0.04382100593884632
0.04974372723716975
0.055146566838709554
0.060914656497706096
0.06885445426410271
0.07499395688744899
0.08185570789933297
0.09028143108231582
0.09197099501598499
0.09077531033175221
0.0893601926520188
0.0870329095239192
0.0848791323352127
0.08209939983130116
0.07831970883772912
0.0735209208544133
0.06790880719160794
0.06230490022467017
0.05655989553389654
0.049833189294866964
0.04384956810592629
0.03714851387132156
0.03183859419421696
0.029633917679107214
0.026933450570399916
0.024504325417248677
0.022470939956227187
0.020844732506355698
0.02060877360856586
0.020575947713302598
0.01878735627504237
0.017937366885263248
0.01777416032116386
0.0181593099505591
0.01862872608677963
0.018975704252313496
0.019569672076149337
0.01949357281104381
0.01997109462960426
0.020005338485374856
0.019953032558746107
0.019867967671206885
0.019693631036725296
0.019721518403862694
0.01974889827912725
0.019668878320441185
0.01934243923206891
0.01967897797182937
0.019719873483417565
0.020063210548776234
0.019699211025352284
0.019976351119044108
0.020941329578867428
0.02236001360262822
0.022766643720079954
0.024436573640134376
0.027355676811859846
0.02907692921097346
0.03313533573441401
0.037905195637188346
0.04357503682719349
0.0491155545834534
0.055506280355529236
0.06237975067688427
0.07120630313970935
0.07850788845507445
0.08711996295136373
0.09553232989794373
0.10307056255240897
0.1046547282283822
0.10064142333157772
0.09590617638235861
0.09377729563521275
0.09037784938164135
0.08570532533855085
0.08141015100988765
0.07695967343491589
0.0699856574889288
0.06302768666578122
0.055538713594253074
0.04871834432680565
0.04191347531518857
0.03466975326261898
0.02839923679605862
0.022572106720405865
0.019978323566882464
0.02194682253312599
0.02547142119707867
0.0292250770904159
0.03841000711041787
0.047154730424965006
0.05615174410286393
0.06360767034670872
0.06666422518557927
0.06579915359028495
0.06463876805320468
0.06306593514798785
0.06168115222455614
0.05827162829222869
0.054553842906817064
0.05309045878707844
0.05011484419731674
0.04865950340002431
0.04565944866656814
0.04190278754028982
0.03775612904223885
0.03145921170146637
0.026669761440800226
0.02075467668303239
0.01637396940972199
0.014005828632075475
0.013691386061337985
0.013857709104950473
0.014001527369477929
0.013568173777194121
0.013238931306842146
0.012864508959301683
0.012598762035213214
0.012311713266224355
0.012266498939451202
0.012615815299947975
0.01288229426718929
0.013200094154373189
0.01313053029979222
0.0132120934109937
0.013231278705256611
0.013338213819726202
0.013761143194284814
0.014215086817424647
0.014053194101266582
0.013818889226690232
0.013826360814768632
0.013518025628227884
0.013255431790932977
0.013576239718496117
0.013443805597947271
0.01336372691993532
0.013449327905082327
0.013444436209524489
0.01340869413538931
0.013414991057874578
0.013304892572350421
0.013112054145933838
0.012483268695277721
0.012357279701936655
0.012579311669113285
0.01243090413743848
0.010354856495164698
0.010142296499370686
0.010887980369757489
0.009602220423584858
0.00943156634228132
0.0095085018679081
0.010037711759006585
0.010201594067062475
0.009652399236456718
0.009246856033317354
0.009063175057886666
0.00892908227570218
0.00936087410141959
0.009285320731792298
0.01007814534144637
0.01054518351684029
0.00981206854298208
0.009054351284140887
0.009400197227557675
0.010287552842626125
0.00930439844572502
0.009236449150996615
0.009751205822573666
0.01012253564818111
0.009253682315243091
0.008890651145232104
0.008467732935098074
0.008292778010562583
0.008028053018936453
0.007814775966370046
0.007832641489436574
0.007885861072453431
0.007938911633060744
0.007927465263919877
0.008009294181468953
0.009177249596535543
0.01005074998288787
0.008861569690887368
0.008355253303765634
0.008419726825036368
0.009289784285146872
0.010213522236937646
0.009519646074980771
0.008886084153627162
0.008399221628508098
0.007573351784225157
0.006474390874238336
0.005650956125998011
0.006294859027931423
0.007843867486228253
0.007160316007390067
0.006164267478630816
0.00602938731233185
0.006078331473075745
0.007512310554250516
0.007411272122671416
0.005654911701935113
0.004712937792438506
0.005434893885281122
0.006598442549460672
0.0067102050115007885
0.005060143282667203
0.004362238472126629
0.004556160090692493
0.0049535692920043
0.0058216354477933245
0.006167781625093185
0.004862650768230702
0.003407597491764951
0.0022410843468155753
0.0021607845998613184
0.0024577117210011386
0.0013099305228982617
0.0013224058054274728
0.0022618139737570595
0.003925283556009046
0.002962316665413851
0.0016904394146249123
0.000568252927904087
0.0010343879079660933
0.0024717543934708957
0.004069504467657055
0.0034377730638934585
0.0025209719505557716
0.0022913318606471765
0.0023125108014339364
0.002245786586910405
0.00216987208066492
0.002231390958879472
0.0026042509660629824
0.0036464460032036156
0.004134440118141809
0.003352294624491229
0.0033147276082295444
0.0023821871635652456
0.0022904751072666163
0.0019303044962349668
0.0028559784947840014
0.0024870079023637127
0.0036350234785492257
0.00299675014852845
0.003038530985503281
0.0029902817494226394
0.003124622376902774
0.0036966897794589205
0.00466322498584903
0.0054326903928016935
0.006028261450558688
0.006439865705441511
0.005653870711980704
0.005355074769993192
0.00504201416227081
0.004999697125621298
0.005319374131015027
0.006197216544664306
0.005715111192261869
0.005696330545595607
0.006202173666357232
0.005997188058146995
0.005604302501157012
0.005535030799606349
0.00563318645122189
0.005731806719941213
0.006209852455544924
0.006612087933317217
0.007029191914724788
0.006641462826780778
0.0067937983535497175
0.006664233429206793
0.007010260798020302
0.008154047392765443
0.008439233227044854
0.008613984112787701
0.008866895485779487
0.009862860037519877
0.010330053385090791
0.010318851343806555
0.010457084160344462
0.010769258818699466
0.010905205312611336
0.011802104852753122
0.01260756761421589
0.013483148811391373
0.014639764185710644
0.015263742868852397
0.0159637931284943
0.015044443396325755
0.015180006797502853
0.01455087887464335
0.014956606150817793
0.015334555380866503
0.016509726593793107
0.01690397396592978
0.017840716594263506
0.01818303129227072
0.019036350634432406
0.02018774686274995
0.020917084811996774
0.021316282744734825
0.02193846152717024
0.022307591526992014
0.02176262807678892
0.022847074591348337
0.023451824771169777
0.02332526722680077
0.023661557250857765
0.02377622397111114
0.02448285141990305
0.024937833119188246
0.026212046159009624
0.026679522095400206
0.026980748325356227
0.026979707173609428
0.0273321102712703
0.02744858865481463
0.027506765800445292
0.028078800304906053
0.028078800304906053
0.028592704393394737
0.029214445724100948
0.030241332046858638
0.030514834369358226
0.030631745302496922
0.03013853616971038
0.030573722986840187
0.03107689123266963
0.030815243697027817
0.031186039925416447
0.03132876562532172
0.03164930912951045
0.031392976151997196
0.03165090592172444
0.03192423648247331
0.03199155218092486
0.03247494338083486
0.03266567895420886
0.032977960991141454
0.03352820412707538
0.03414125521823845
0.03450157760926216
0.03554223504218901
0.03607058431437947
0.03714501824167249
0.037123906230479516
0.037753671243855424
0.03815444061448928
0.038608895916680874
0.0387759122534686
0.03939561173301904
0.03983127568347605
0.040590892221053554
0.04132303418821925
0.04135481797873025
0.042059788273690536
0.04295752072154738
0.04254311963505228
0.043264944470984765
0.04396696052291051
0.044554773234780944
0.045244613857635195
0.04556997013753851
0.04599462481725514
0.04659004400135631
0.04703190733512561
0.04746547112317249
0.04828985883623902
0.048381047919254815
0.04879842149498042
0.0491266869326493
0.04974502975905212
0.05006254327816499
0.05019802774465998
0.05059041896672177
0.0513552935389189
0.0513359730471892
0.051548808121480154
0.05215350340677963
0.05241284989220634
0.05376485263632232
0.05425110890588052
0.05467316894617012
0.05491176684887224
0.055303049998798544
0.055538639275136206
0.05627346064942804
0.05700895370002182
0.05708162418670277
0.05728556567284905
0.057511406042351935
0.05802649654274145
0.05814838476215479
0.05844631619241833
0.05856110178556749
0.059128774689473106
0.05956463875306894
0.05973673810786231
0.060095530602272816
0.060608401127850514
0.06053386114080411
0.06095950542021264
0.06087848199986117
0.06124901218786475
0.061273334054738234
0.062091310320154615
0.06218412049228376
0.062283866931629815
0.06264222055897439
0.06267810595983186
0.06360250178619209
0.06366737745864633
0.06382288735956576
0.06441249479320452
0.06495147496786623
0.06551102989166076
0.06586115709725682
0.06619939933214204
0.06655896407307806
0.06715068264797698
0.0672669472398942
0.06699382787410603
0.0671655188419443
0.06748937913527021
0.06765064287744055
0.06794130656953105
0.06844775566089102
0.06889426863862837
0.06932883049654803
0.07010237472775287
0.07078227443477549
0.07113069349073473
0.0721927623462228
0.07268440506202589
0.07210026350300003
0.07258706881791399
0.0727436785366824
0.07292951607922375
0.07266602887342553
0.07308557248683857
0.07320665332682476
0.07335419959929484
0.07350914879323406
0.07401258670034906
0.0745726346322297
0.07493195065600713
0.0757396622654142
0.07600928986224852
0.07651485756986603
0.07656889102436765
0.07698376424672845
0.07733256844182569
0.0775362400781867
0.0777839321984025
0.07805905865164316
0.07906348540346696
0.07919923932109069
0.0792574475596998
0.07966520476122994
0.08079266704543098
0.08150394084830771
0.08196970682486825
0.08265637987178925
0.08292156769436658
0.08283097698226982
0.08359880909376598
0.08304068894231723
0.08424124385985282
0.08436096887734529
0.08491374093793774
0.08536446383676063
0.08620980493388959
0.08679671449355267
0.08755628085857041
0.08789342778676738
0.08819806333774448
0.08771991587700546
0.08762538266899904
0.08795544024265856
0.088084173335698
0.08885374197260992
0.08853100336990925
0.08869940924926434
0.08901723405584547
0.08967330751066804
0.0894466134730422
0.08989766240174768
0.09022985566988924
0.09051849617816378
0.09072724239359564
0.09116548469041735
0.09165293944654004
0.0928568248985406
0.0936879906492587
0.09339311393108815
0.09297813442758272
0.09293596104282871
0.09339548688345467
0.09354614435675884
0.09315838890827381
0.09293797855823921
0.0934040135811259
0.09460456948761764
0.09370825115378316
0.09450200559201387
0.09501553729627087
0.09593619297024931
0.09563607658938304
0.09605855645673333
0.0959252863304526
0.09575235540243761
0.09552691712263492
0.09655349597272668
0.09661508229480055
0.09621137674330717
0.09716539572628125
0.0966158141548357
0.09665640358215968
0.09749556300646645
0.09778897240691535
0.09824807405973882
0.09838214336569928
0.09858334360915078
0.09893562410709385
0.09935870864751357
0.09894777411609557
0.09960932223074676
0.0994851841378159
0.10004568817700868
0.09964395337557067
0.09968361985563765
0.09963834908155896
0.09964445332683491
0.09993394733989566
0.10019853842842497
0.10044198055290121
0.10052026927536417
0.10027768656576251
0.10040893273323177
0.10096962326502759
0.10082237173441143
0.10094501909557552
0.1009745461727686
0.10108085111595391
0.10133311676152255
0.10134606345034053
0.10228152726940543
0.10258108123752709
0.10266182859648969
0.10309117452756997
0.10336590198296282
0.10399836713062283
0.10374999863117715
0.1045282398083633
0.10499548602184254
0.10505039799317309
0.10550124153206902
0.1060490976179163
0.10541810629313607
0.10541164719409195
0.10490110108772291
0.10495664153024056
0.10494681472664237
0.10484737546639228
0.10534691174264027
0.10617266020125768
0.10765309115792294
0.10831225778484133
0.10869601701589787
0.10876264525401223
0.10838561511571428
0.10905311280138753
0.10958038345636775
0.10945463641975979
0.11039581110792075
0.11059988475093034
0.11122984716758387
0.11182732525101621
0.11196502271153808
0.11118567752705798
0.1113281507279108
0.11136175589939254
0.11101228857657426
0.11097527837801574
0.11110146286642227
0.11133547319104767
0.11168696511640759
0.11240029140072058
0.11262015471169277
0.11341181270314504
0.1149628577344101
0.11601620247520128
0.11516826842366204
0.11657740688806578
0.11665914177937252
0.11697242857524733
0.11639556803988735
0.11691734383224658
0.11733037699311388
0.11804458516067194
0.11894774886246806
0.11838038097121972
0.1181450631550567
0.11856956465797197
0.11934696251261359
0.11980321301584186
0.12001093242590152
0.12071180575452937
0.12106872436183111
0.12071952684846234
0.12066883086139571
0.12114064124990669
0.12124083232208145
0.12118534167225965
0.12166523238183609
0.12188608871764287
0.12183113808186605
0.12168575428430757
0.1218426201773305
0.12198735097069593
0.12195356123275193
0.12201529464408299
0.12271459575233515
0.12271459575233515
0.12380926626477234
0.12349100074630623
0.12372582133581138
0.12362479517789683
0.1237395382601687
0.12271558504675975
0.12271273658586958
0.12341504123450449
0.12354947446042717
0.12369076236699672
0.12352918317462912
0.12377941723558315
0.12380325864315347
0.12405805111927068
0.12402833319703974
0.12315577595423259
0.12417868840887698
0.12411357475436031
0.12407019823248651
0.12416721014990037
0.12420395563331293
0.12417259308762253
0.1241965486375926
0.12363464689527359
0.12370155692347937
0.12363179848013565
0.12340675124281286
0.12343496055504581
0.12352019634235378
0.12351827567019674
0.12367912938231748
0.12395258084305415
0.12394733667418462
0.1238661902019198
0.12398704045664467
0.12376982117144672
0.12398829992325511
0.12409019658029677
0.12428567136256823
0.12472302802503683
0.12521919234728066
0.12571882811120547
0.12583500373555145
0.12574016840010183
0.1260174650594768
0.1267787919438179
0.1267787919438179
0.12668188349552365
0.12655956369154384
0.12737608397060857
0.12758228815303535
0.12884985798260779
0.1289177143114436
0.1288474150702036
0.12968212793885703
0.13026607892393008
0.130679297710886
0.13158200855912955
0.13076600126466273
0.1299246255687326
0.1318430177169299
0.13366012464051977
0.1347597226867047
0.135015899648541
0.1346538695218252
0.13747436090508494
0.13901582706351687
0.14100578239901365
0.1430009935114358
0.1424824767567851
0.14270853330688255
0.14273119272302215
0.14234592121827314
0.1419333270699293
0.1410840170406012
0.14130934368630338
0.1409617367356737
0.14062129261765494
0.14014819383154642
0.1407059578630522
0.14103733533274326
0.14088422362574515
0.14149210292500883
0.1419518421212865
0.1428393825267145
0.14415909005002722
0.1445788435587148
0.14643991399593562
0.14936851000775225
0.1514746074257388
0.15297308403289234
0.15508331680268506
0.15902271273904747
0.16074557563899744
0.1638537598042041
0.1759403920285129
0.17800111074140454
0.18129745341180867
0.18202017878088653
0.1964765094399823
0.19922796692299222
0.20184170106800078
0.20276940481383393
0.2029966573881522
0.20126333410797936
0.20218447214052634
0.20328340001474923
0.20640965238291373
0.20788592099039435
0.21038828703774695
0.2129416724036913
0.2233733726425242
0.22767328554278507
0.230190984948567
0.23477221866586853
0.23829697034701003
0.2473191101007123
0.24966381472998708
0.25100730675825733
0.25001302740027137
0.24718682461189137
0.24666704014170449
0.24575919421214543
0.2451898975439518
0.2434522015063558
0.24115219113136493
0.2401119359550902
0.24256966110686587
0.24265242242963425
0.24201062493145561
0.24300472143467697
0.2457932183781474
0.2473075331191134
0.24854235922918938
0.2503987986078749
0.2503044095034656
0.24908541615013377
0.24577857668470854
0.24578616852196158
0.2436407608637373
0.24371896619811864
0.24457252947530975
0.2420256466636108
0.2407589559028531
0.2390823920251485
0.23730469083925282
0.23889339269695
0.2402915875015735
0.2411307227087327
0.24270212074635678
0.24388119456615784
0.2459502660036455
0.24903532159993386
0.25131020206789384
0.2533793809130934
0.27158620415291024
0.27566585497775936
0.28012701086533504
0.2839452732511145
0.28660363313042736
0.2981865369263788
0.2989472380057746
0.2995487664415801
0.2996572191959793
0.2998576868691001
0.2995337196953107
0.2958400537552875
0.29405693547462136
0.2925750875073609
0.28959122492599043
0.2792231626871134
0.2750119914478428
0.2700565357142393
0.26555258269303966
0.26012815910593257
0.25639413322031335
0.2478511336759902
0.2412697601357262
0.23711843525184906
0.23456560738755855
0.23194586192642158
0.22908644242039303
0.21901252035091687
0.21558676228872348
0.21212003825800624
0.20986849379968672
0.20682233282453538
0.20362909568314838
0.20080376916143677
0.19822800382634329
0.18946434478417742
0.18751920006968997
0.1859684066539374
0.18526520567845997
0.18574807005451682
0.18557670530016215
0.18645857024171297
0.1884354920455953
0.18913118936474027
0.18930009556193783
0.19056711984908006
0.19298460937204906
0.1956160993131527
0.1980225068062729
0.20487238995447363
0.20807381739099465
0.21074470745398632
0.21257446313042871
0.22647689724817535
0.2293068575687384
0.23227353770888787
0.23656432631755597
0.24079114033346852
0.24404218842673672
0.2475370827254774
0.25191590453441864
0.25869448360660346
0.2645333460190123
0.27040171667980223
0.27619801414712186
0.278385417134577
0.2777069215926813
0.27646519475310644
0.27490835431173444
0.2737621013566314
0.2727642287190234
0.2729376493539605
0.2712196277387886
0.2703994285713132
0.26873691675235084
0.26559845004340704
0.2628900413799816
0.26033594331174964
0.25817163763139395
0.255937069512847
0.25310944960106124
0.24756350414883485
0.24356568498516415
0.24155504543018727
0.23896135734057466
0.23366634876622802
0.22828487617201662
0.22490572157100638
0.2194446018536998
0.21464217064620741
0.20925729281033179
0.20518126515709373
0.20187450493157758
0.20089844242323826
0.1981175639505771
0.1938272767668592
0.19128184723763716
0.18787563388989942
0.18592849263757283
0.1830733537294327
0.18073842021634065
0.1799252843973554
0.1801262803507899
0.18002729457514943
0.1797801336017299
0.17954160124514007
0.17998136359659792
0.17928735047651945
0.17911626418212548
0.1787419466771115
0.1792730795227148
0.17844029423640548
0.17679378378935023
0.17665654047349885
0.1767910452096761
0.17611415507061143
0.17560934997647704
