0.07191160810551013
0.07076679282182377
0.07047904060169606
0.06901715134519318
0.06761716161735772
0.06656794794455971
0.06388435317137614
0.06161105845756621
0.05949841479088301
0.05846139769095307
0.05667694029820243
0.055196774472428364
0.05291215176026353
0.05083171017172289
0.04994934330723152
0.05012602858698601
0.04997098553829568
0.050318627805185395
0.052228225941552006
0.05411034868184119
0.056831846428545774
0.05946114178154037
0.06202991856999059
0.06644704520048075
0.07116196983183305
0.07620011405060663
0.07912853802115603
0.08520043561208615
0.0908735943309122
0.09733817970158956
0.10271623556427202
0.10955265465078642
0.11580747766509486
0.12165980874639175
0.1282513494046537
0.13534252467306485
0.14178874307814118
0.14799557125204899
0.15440196784038773
0.16127302021984194
0.16848674132565908
0.1758279797560389
0.18061663925320529
0.1831790196441118
0.18356531259968836
0.1826872704639468
0.18155554493907944
0.18034947569293017
0.17860422780251412
0.17690517762911784
0.1748683660793889
0.17168470907410438
0.16892375626795567
0.16547036714130345
0.16164590504656562
0.1575579978616361
0.15395357979946742
0.1500314351900573
0.1458803260765512
0.14215216661542876
0.13862746959129513
0.13472688430396512
0.130589340844603
0.1262535462984616
0.12188274583641832
0.11850053631693484
0.11314341759175876
0.10913421562484368
0.10459783223107792
0.10057944649015123
0.09732867628294248
0.09341815260642569
0.08921741073900573
0.08719466558791988
0.08223995710709593
0.07834835892308985
0.07470229151431966
0.07415877351042294
0.07445739271952909
0.07524435790423734
0.07540764768787016
0.07376881627594319
0.07176813100883984
0.06950147807019172
0.06848641611406465
0.06774007764258791
0.06722570311198053
0.06539235580243448
0.06312555120354649
0.060339072595783756
0.05967341652682292
0.05466208681767778
0.050549546974047864
0.04883760152276537
0.04584051077856676
0.044248650616478674
0.042870338784448105
0.04001911276083219
0.039909130498436966
0.03935052890289093
0.04050484845948001
0.04046695680820935
0.04049234868845202
0.04075878179220289
0.04043671403942098
0.03952508290979373
0.0390731681624593
0.03852827814750704
0.03847569003002331
0.03838244314915836
0.03782967446118574
0.03833059807975656
0.038274918406376084
0.036512453406684506
0.03650454899857485
0.03644809440765292
0.036272461799416254
0.03612753868510981
0.03628415554111626
0.03623012817117046
0.036725108367719375
0.0368406394281353
0.037347545291035775
0.03700162263082287
0.03673795514956264
0.03670478454070585
0.035831962595331834
0.03534608053005515
0.03507797087411883
0.03443095931943339
0.034223985502259004
0.0338954477749415
0.03266594202012045
0.032656111313158195
0.032634666623842686
0.03250241484223161
0.033101965156149375
0.032451177638305524
0.032340605893260405
0.03204358462595833
0.032037740596684634
0.03189355246418107
0.0321415233887135
0.031711550896401146
0.03168539554301576
0.031823776699656546
0.031576831076022924
0.03158708968429255
0.031739939817170666
0.031736376818417796
0.03174784521183097
0.03179337682021991
0.03170088991769796
0.031244035579375176
0.03131761938409085
0.032435692401784
0.03214423842383767
0.031894820137733086
0.03169490192522119
0.031487092840671076
0.031217577747202508
0.031006463211957016
0.030827383943346564
0.03061968502894772
0.030527298109534848
0.03044008946778223
0.030466672507046547
0.03057697950285372
0.030681540939129063
0.030633560973954824
0.030640384508360433
0.03166217870436298
0.031300531284771935
0.030604296969465573
0.0301836656899991
0.02985196751296199
0.029585828677721724
0.02904540080463671
0.028814952529428377
0.02860161293657383
0.02820417847922708
0.02776679893003063
0.027534192819462684
0.027562834252646797
0.027205138915245657
0.0269157521579345
0.0266452552107906
0.026190011189827275
0.025969680772266857
0.025499873662255604
0.024180892325787823
0.02469821236991886
0.024611494459409543
0.02459192938698487
0.024595308363876654
0.024896701223924816
0.02515356870292239
0.025069362707761656
0.024515714022132453
0.0244221278336891
0.024132793131489746
0.02453011264568937
0.024096676275905702
0.02423690077942656
0.024364915569858772
0.022677072260265704
0.022108214188208974
0.022010477212792277
0.021543117573535706
0.02119153948713157
0.02080106084330492
0.020472211285260788
0.021099889486628918
0.02110011369652015
0.02103605568496766
0.02022782366542587
0.019709459001706585
0.01971478975907356
0.020461918901466286
0.020174071134930093
0.020511369379853074
0.021390731776087437
0.022473182826685645
0.021557146912407614
0.02056123598448597
0.01878259546238449
0.018418029023743517
0.017906238611371125
0.017468538068168702
0.016656259631830428
0.01602821112867833
0.015659323120974823
0.015506997986525661
0.015467341522588711
0.015561708385065497
0.015708546060563867
0.016485865735566513
0.016269448125754708
0.016064884285137568
0.01517695929299368
0.014955394534854826
0.01446987404689392
0.014452022067003316
0.014179836379409328
0.013847857288301884
0.013955316587436541
0.014029432926412209
0.014266915278621856
0.013728846936191285
0.013174376712364455
0.01226837408403311
0.012276367583169807
0.012131228532255366
0.012074769196278517
0.0112638567780008
0.01054219871053822
0.010204799125489642
0.009555624988603033
0.010070693120490455
0.009566896970626028
0.00953270838218518
0.00893722748205734
0.00865906027195731
0.007918973243344446
0.007902770659477963
0.007464087588319387
0.007529074211831227
0.0071579591777678675
0.007528571228406309
0.00720189396489599
0.006339561679200993
0.005372974321967595
0.005385703060708595
0.004580918834494923
0.004420839504078376
0.004451150113757211
0.004694455684952819
0.004548906473972312
0.004508503086342135
0.003717659306114537
0.0030594776554639775
0.003536634037035939
0.0038319023230420613
0.0032536433713625584
0.0031410374154142067
0.0023509260214315962
0.0028129154023464158
0.004125062143775155
0.004881994992278109
0.0035215231954623476
0.0030664277012683945
0.001747882572324842
0.0016649675373632724
0.001107172807041258
0.0014397447991531624
0.0006314380022966804
0.0007509264530026452
0.001953182421013415
0.0035745752191621146
0.0014763759418023705
0.0014737403801792224
0.0019251420714007205
0.0016597351328135508
0.0014599946510190915
0.001646816651757019
0.0017162360373457054
0.0021737366918324354
0.0035774706940140885
0.004450243186461092
0.0052447031438510525
0.005310376272293828
0.004940241783701109
0.004589230296610817
0.004266561659357933
0.004136091627730937
0.004105641478478996
0.004321388416967926
0.004539099556818921
0.004623085863546014
0.004588831788417116
0.005022433695833462
0.0049239377178326195
0.00633032992840731
0.007475765254430376
0.008938084885254105
0.008709794923883147
0.00802944785352275
0.008478838052044996
0.008745161348827779
0.009255395901832275
0.009713291598121829
0.010615986009188862
0.011350564194579442
0.011456280257627122
0.011152900613829078
0.011054505742106336
0.011113777994993117
0.01114613051575773
0.010610705077767983
0.010792930075316497
0.011069136486560903
0.011595114159088182
0.01289197747314858
0.013947478074800533
0.015108197609756057
0.014902096074341589
0.014727731901963373
0.01417041290415022
0.015005339185819025
0.015601353107067142
0.015640762870867537
0.015625188891926534
0.015169687598853456
0.015708081182740363
0.015876633570565703
0.016945574470591255
0.01769325514760643
0.018214961154180406
0.018750030392745504
0.01848180892458381
0.01921388146889222
0.020004868789846048
0.020320683213139526
0.02061225059088928
0.019955250955403302
0.020182203897938917
0.02086584988614178
0.022366565479612018
0.023078056790536032
0.023520511882727312
0.024208026840950535
0.025272729910728375
0.026277671697973407
0.026336214433816625
0.026581424067586724
0.026888209270443088
0.027146705450473284
0.02736834257863736
0.028493780563022066
0.028759700147888652
0.028892094112410418
0.0292963241456521
0.029617279414110565
0.029413643649659333
0.030172483699352718
0.03025311791721535
0.030626047681692515
0.030713743624086222
0.030827050383429328
0.03092706487865598
0.030582164066790103
0.031627377193187485
0.03172656546951766
0.03184843908752265
0.03196263291240881
0.032576269641844784
0.03284562833213017
0.03290028336984319
0.032918442248866725
0.03309595883832945
0.032955788045111796
0.03322377044042512
0.032504271159971385
0.03263588129336551
0.032790199626462374
0.03287618047404486
0.03367742846935051
0.035458793127599475
0.03577104321110376
0.0360683336827509
0.03620781783345017
0.036238980741706846
0.03669697314062385
0.036862944444758995
0.03709668424734831
0.03887981972812082
0.038464578592510984
0.03865240279712499
0.038879253072715655
0.039106240064437685
0.039374111918607034
0.04098754018480384
0.0410939312880794
0.0406087076964433
0.04282869488297628
0.04299936839784795
0.04324337479331138
0.04319388471103563
0.0432250041957341
0.043462693371602815
0.04433478031640086
0.04392611272631098
0.04392798813318133
0.04394453083530481
0.044011229340314775
0.044141573635830766
0.044224350415959936
0.044984865204092096
0.04508447099713542
0.04635508550117947
0.04660496754962874
0.046660455897719846
0.0467931093292288
0.047038795379859215
0.04740109081080402
0.047343726226592615
0.04743525746405317
0.047589096754937145
0.04867796896718104
0.04889976244434262
0.049137531473517834
0.04925741210175866
0.04931005875947824
0.050066509606249
0.05016053035291608
0.050214266923091444
0.050379620344560866
0.05044019362610192
0.0508545585690171
0.051021122087177004
0.050370370283299264
0.050522814091413376
0.05310231600692395
0.0534096711231094
0.05379416131192253
0.05401108339033414
0.05423750344034969
0.05452348075805382
0.05571116054520491
0.05612732375554491
0.05627315930223419
0.05659449644225458
0.05695303253249642
0.05920180797829216
0.05941941602171875
0.05961762104908251
0.05897163051896574
0.059142693594467825
0.05922249873716924
0.060345171987943286
0.06052252187349518
0.06066183284102592
0.06117532351136362
0.06121225807645039
0.061272996517176936
0.06147643644888073
0.06159227628411097
0.062306821952487455
0.062477574408609994
0.06265968985842367
0.06270151412469273
0.06341065560195915
0.06277852753403423
0.06295016418846948
0.06428972672815651
0.06495438684870011
0.06519787812738743
0.06555656469504025
0.06561575440861644
0.06571508724600637
0.0657266777809275
0.06573009936166078
0.06573579736243026
0.06576494231931572
0.06580886277266965
0.06583990276063605
0.06585459494168477
0.06591762485891599
0.06586247264145323
0.06602823497098635
0.06624567145725893
0.06573099583362774
0.0665280782199896
0.06587488557481566
0.06594597266310931
0.06594113947199126
0.06682031288678987
0.06710080671837465
0.06714213468583706
0.06734827563665166
0.0675022911897224
0.06754667095997778
0.06760227914709033
0.06754098576283138
0.06758241117500023
0.06756177412169177
0.0675473431250308
0.06753985341142053
0.06756998923209498
0.0675692938119122
0.06762077031779154
0.06775512908265809
0.06789506415811536
0.06820090244803723
0.06836366691568606
0.06870274581202176
0.06896226164004508
0.0691074900240457
0.06865612632264637
0.06895908474409741
0.06940339145284007
0.0696577063256439
0.06992533508953824
0.07098116094199361
0.07110940176634274
0.0712685874742427
0.07132351266739664
0.07163166592814241
0.07180441815771793
0.07213988426646527
0.07235978187214173
0.07265256592515429
0.07286229485089835
0.07318579839742165
0.07320003205437386
0.07330266199193039
0.07348086927742456
0.0735657395725007
0.07362548696510875
0.07384718032787474
0.07398997788766672
0.07422163333859647
0.07446007974559024
0.07462819231565479
0.07450037453118186
0.0746771241743771
0.07456220433814871
0.07451996959931256
0.07467347251138527
0.07456135001282861
0.07458828915159531
0.07453630621475428
0.07462662308668738
0.07481259142187234
0.07501374778102018
0.0751118643530368
0.0752575722777125
0.07540229041264662
0.07481700980273336
0.07503155727534533
0.0756484871272325
0.07680614591394432
0.07555412300787238
0.07561056097022718
0.07645606521776777
0.07658624840687621
0.07670904074910259
0.07684334991814654
0.07704969593163692
0.07705922244093188
0.07710744183660509
0.07706859770515917
0.0772001380948872
0.07736096847419646
0.07753625141580511
0.07764504593627607
0.07804358694067066
0.07747031733025923
0.07762594433526278
0.07813919312764732
0.0783676916326162
0.07859826306733149
0.07956895502345143
0.07973391428377784
0.07961330555271362
0.07941161285053393
0.07958536664799065
0.07977174485280529
0.08021984636344766
0.08061965764461185
0.08095661351785302
0.08108088444947646
0.08071897611460167
0.08083207222981631
0.08117621833127414
0.08189618793094541
0.08191741550464349
0.08180571763441363
0.08179771134055026
0.08189154799662744
0.0817039948813082
0.0818388782407671
0.08191352344386951
0.08180664257293238
0.08126984541373254
0.0819923486302515
0.08153373838711679
0.08148544153699716
0.08247610217225101
0.08267738588669986
0.0820413179292526
0.0830043614881326
0.08335331449588305
0.08346440172517469
0.08381494069182292
0.08404499459718341
0.08420225657353472
0.08439358234539787
0.08460705914726147
0.08474119915674572
0.08479051596844861
0.08481672868437375
0.08436387546789614
0.08459013414704122
0.08516280681781357
0.08525025928532366
0.08481218392125607
0.08483712769663952
0.08498986658864999
0.08586120831838309
0.08604566597397631
0.0862522763168873
0.08658101577456935
0.08666015480224624
0.08661596080061307
0.08708280759211387
0.08665041082284478
0.08757168125006803
0.08766812930100579
0.08785996639294946
0.08798035656254641
0.08760911980421833
0.08816412926441827
0.08847657688342345
0.08816081463465353
0.08808534336091789
0.08808718346228267
0.08731132462667311
0.08736992195690767
0.0880729216510928
0.088226039221166
0.08818070798210982
0.08813634709717684
0.08849109533124741
0.08849204016003598
0.08865600672014498
0.08916874450760322
0.0893629721876362
0.08968073462880538
0.08938874626298686
0.08892130932101995
0.08902634538150658
0.089838676262864
0.0891907488062877
0.08922638569280755
0.08991715371586134
0.08992349319187261
0.08997228018129477
0.09025260423243582
0.09027160431525831
0.09025773836960088
0.0902652903971121
0.09071545145385408
0.09091976199952512
0.09139498665774262
0.091222089340067
0.0910167378553549
0.09050591767602598
0.09087750958676445
0.09072358136291181
0.09074082907432746
0.09075988531341195
0.09076500880720641
0.09087046517515428
0.09084677359709378
0.09156928078071183
0.09159018698791727
0.09169241020213252
0.09175842837346762
0.09200404871135752
0.09242361227808492
0.09263830945279017
0.09275698039578405
0.09288170134071072
0.09239301945306792
0.09278142370153193
0.09300167478943538
0.0930839748312196
0.09322320164421607
0.0942834044791309
0.09416010463126073
0.09428203543668073
0.09437879473380839
0.09460399616747665
0.09410510021746273
0.09422669980152124
0.09551144904101712
0.09494285587699725
0.09441690380552013
0.09532755656379581
0.09518425251511843
0.0950882351571915
0.09468175563601855
0.09523443165328511
0.09564987087995883
0.09596952262709423
0.09587204496973273
0.09598006944520326
0.0961588363515379
0.09576007174838676
0.09571222134796925
0.09584955730620272
0.09585471908039367
0.09490873645474067
0.09560290668526102
0.0950091968158614
0.09572362938646349
0.0957093532610392
0.09578380246301878
0.09633620151677547
0.09575906287890217
0.09576488975198005
0.09569274336037474
0.09577725102801501
0.09560731669234211
0.09487311929529509
0.09565992142221122
0.09562283000920468
0.09562476476669717
0.0954137417225232
0.09524369756004905
0.09524864308553162
0.09520883848715511
0.09518920160284706
0.0953083884042739
0.09520582774517496
0.09538504844942487
0.09558768883117881
0.09472517932495843
0.09593987017927058
0.09509647146462119
0.0950418164421127
0.09523161224165802
0.09561219462180966
0.09553513194093947
0.09563036971975589
0.09546082124473494
0.0954125872034119
0.0955698598061172
0.09550179472344374
0.0954815344516783
0.09535697489460056
0.0954248343660019
0.09527407787626327
0.09550138827395005
0.09464657903995788
0.09538587679791741
0.09543003431135788
0.09593923272026525
0.09568439085981144
0.09534498013773772
0.09504595114569035
0.0949959784321593
0.09487713415574886
0.09488989862814538
0.09506142342348686
0.09471430459584855
0.09375044956102106
0.09449861585587838
0.09454027625506495
0.0944298293668258
0.09383999799101585
0.09453371564711474
0.09449936477893131
0.09465744024863547
0.09461921479847898
0.0946101533906804
0.09490570602605271
0.09517667872387323
0.09504272694187672
0.09401962524449795
0.0944044468526545
0.09423067838402474
0.09392684090838675
0.09395293023298655
0.09385099558020817
0.09413099429462303
0.09400073329501882
0.09402195412161024
0.09375368091443209
0.0938778868544361
0.09325970009756275
0.09328387895435931
0.09328234026849593
0.09339487328720184
0.09437547366534965
0.0941675074918701
0.09411173646347311
0.0942124091833536
0.09436018691532333
0.09454118562691755
0.0944462754677494
0.09419218871090788
0.09408984744517265
0.0937338306872477
0.09357913846684089
0.09356486276856518
0.092548090346403
0.09251185403183908
0.092468062408454
0.09249097116444492
0.09316121731511123
0.09429197054736473
0.09307291923667602
0.09284385734037855
0.09305325479301912
0.092847505386256
0.09275742034273943
0.09275509027525164
0.09271081759624993
0.09267584740578606
0.09267651645146686
0.09271262783175375
0.09286271534810221
0.09279982922311876
0.09241806987791687
0.0920378003920331
0.09172063949899996
0.09161434615214954
0.09124403346893899
0.09161775153557547
0.09162839612908352
0.09133963538313057
0.09123241120838242
0.09122050426991607
0.09101533202136165
0.09089896450793367
0.09062354467138262
0.0904653146696322
0.0896795325037499
0.09043908131772203
0.0904607606998254
0.09015528061380168
0.08999516536714953
0.09010428341496395
0.09002075224324553
0.09032996342568646
0.08998928209406772
0.08972580885616464
0.08922802812519187
0.08904123485049265
0.08865948160238296
0.08776793627976986
0.0883589370822979
0.08826991046218877
0.08796383887933144
0.08805595961078301
0.08794109205936979
0.08786548343333733
0.08773887856389077
0.08774900473843952
0.08766722652558348
0.08790333442342578
0.08787102690875312
0.08778464886100971
0.08791668549378617
0.08781920331265469
0.08787886106184811
0.08799696916307127
0.08789572831490085
0.08791173104234264
0.08789576826196535
0.0870449537864013
0.0868955140753551
0.08679989642781052
0.0868002979717193
0.0867369378917461
0.0872229872698494
0.08726373456674963
0.08717344832429959
0.0870539281302444
0.08710817616184766
0.08697742730735719
0.0868201437828598
0.08678352722385348
0.08581495319644332
0.08559217565192796
0.0854925481450713
0.0863212480747723
0.08598009645219959
0.08590932536479591
0.08587836763997866
0.08589255287984039
0.08623811760346452
0.08550490372942868
0.08537986922898695
0.08471507329845393
0.08455450785950223
0.08435437479110247
0.08372648819697313
0.0834915811033154
0.08411349420007332
0.08392473315040797
0.08359813844515829
0.08357950936897063
0.08361932781161811
0.08364391954376713
0.08356606218238022
0.08356726224024497
0.08368350229387522
0.08467457749218155
0.08383503427197009
0.08383503427197009
0.08278128559059583
0.0826368112641602
0.08342266580954028
0.08335493964810359
0.08330555805167825
0.08327908295150402
0.08322195388280032
0.08318234022539697
0.08295814026827511
0.08296437580528243
0.08248324860271733
0.08248575323648122
0.08257489906182075
0.08253896944264458
0.08242650997271786
0.08230222475114751
0.08229780125075205
0.08223722163078803
0.08220257999843335
0.08221015996659502
0.0822301383818038
0.08215363563712025
0.08204987208739173
0.08173462196470516
0.08162483487523356
0.08182079163443298
0.08151560990745765
0.08177823472290566
0.08171735871097005
0.08159664670311519
0.08142198705565314
0.08068140242914168
0.08095708803578569
0.0807326871222325
0.08078080754456211
0.08075795331970555
0.08057443306417557
0.08033771382935233
0.08009205779958775
0.08000035563957919
0.07992814475034443
0.07987517099550831
0.07936152232467815
0.07940342501954575
0.07962666768857661
0.07990903048961445
0.07991170272313171
0.07976069892329739
0.07966434235821993
0.0795608982935977
0.0794061330589855
0.07996841054575382
0.07978018048039262
0.07917361479188274
0.07901942157078566
0.07891157709756129
0.07861141179815513
0.07860968603338173
0.07815456118707459
0.0784610627350067
0.07863561619037075
0.07854428659709745
0.07838881066067814
0.07825507169769529
0.07806159834670999
0.07803367936421882
0.07792015879726849
0.07773351736085996
0.07748781623813733
0.07744573525823954
0.07692464946349219
0.07756942774157895
0.07767569283224816
0.07750699723454649
0.07779886863034789
0.07788278382331486
0.07662822800437794
0.07613559674100186
0.07584848687200926
0.07537564411300587
0.07500685003250981
0.07471998258040367
0.07461031865740966
0.07434439904494339
0.07433006583800196
0.07406002734366741
0.07401818750089138
0.07385702630038771
0.07381232321067946
0.07375855052103042
0.07290717456048426
0.07268993215995342
0.07355356435638637
0.07397117073247785
0.07374276200559285
0.07337031638806377
0.07329055090748371
0.07332949889217899
0.07300156629131938
0.07286504022841188
0.07272790547884055
0.07244920097200631
0.0720516469629874
0.0722635280336812
0.07228092153278248
0.07207366636515497
0.07183110632463628
0.07181677990021539
0.07184101917819914
0.07187795089368904
0.07170213445152404
0.07150358438447343
0.07139338550288275
0.07111224505763265
0.0713437639479661
0.07134426497340308
0.0712737639228078
0.07147538441232593
0.07098613389448935
0.07082638230940365
0.0716531481449782
0.07074757848986109
0.07028007397437887
0.07000441422251222
0.06996713975066694
0.06989158783302447
0.06978195079087599
0.06955435077121831
0.06947625048516569
0.06957278944702705
0.06948492841761392
0.06920529166642778
0.06895710193495325
0.06889933584539579
0.06909032733272133
0.06942854555775999
0.06938278852923112
0.06984131122591483
0.0699633959920127
0.06989215302494252
0.06947711703044195
0.0689905764511468
0.06842118876023214
0.0682421186743214
0.06777251867252507
0.06716177706648932
0.06766736708892762
0.06762594935307628
0.0676605087214767
0.06763038277992257
0.06768857986230749
0.06769239372742054
0.06770640808743568
0.0670951360110996
0.06688121484503155
0.06668585671286897
0.06607240768071147
0.06653581542867375
0.06613023959166256
0.06548448714114924
0.06491866762678974
0.0652528201707801
0.06456607509544347
0.06471737205242749
0.06502708773843081
0.06438686980671725
0.06398865610033685
0.0636632036680936
0.06343293274488568
0.06350459764215448
0.063136193584891
0.06327790023711771
0.0628526823776033
0.06165111998045295
0.06126681848237707
0.06108135770722339
0.06099321236102201
0.06053637838846969
0.060339089047141484
0.06005224409243345
0.059608210069723146
0.059286876105457714
0.059010600143816136
0.05897707219847761
0.05899047609802159
0.05945795054093295
0.060347054151916844
0.059546166671726686
0.058832270917356606
0.059355800418966875
0.05924877263226393
0.05924905636154426
0.059196608067739395
0.05917907085434803
0.05908678281029185
0.058866533783002724
0.05885174543715401
0.05879934797029717
0.059130031387801506
0.05861070872273995
0.05842892721177379
0.058256248417419935
0.058357642227936664
0.05837464123562756
0.05811248087060517
0.05793621712536579
0.057708780171627436
0.05762991927284678
0.057451739419977554
0.057544606254492175
0.05747705894964937
0.05726070443502512
0.05735179077760525
0.0572069727617775
0.05700710973897261
0.05687606670362684
0.0566754831516369
0.05670082398918838
0.056555422851793845
0.056363255274630576
0.05621289743835166
0.05611094449153577
0.05595337062860061
0.05579407170716262
0.055746305358915095
0.055700681316572624
0.05554264575065717
0.055602866297239324
0.05564123031636399
0.05554629878619225
0.055441577741339135
0.055374311111039284
0.055220998651162694
0.05490149715699578
0.0545665659932886
0.05463595277097698
0.054438269146204435
0.054392648459368406
0.054165552015329445
0.05419581719600965
0.054503219622260166
0.05402447409676447
0.05399551701350365
0.0538520022165089
0.05360243940040474
0.05347829517532911
0.05323292400559018
0.05314850742906955
0.0527203625900662
0.052622826364431365
0.05204516218939679
0.05208360599885101
0.05221503157748124
0.05208998825909928
0.052031493271672676
0.05208369622533062
0.05214038951118401
0.0522348067108315
0.052260884407503774
0.05193454845080437
0.05217022637586276
0.052226303892258984
0.05245375599103838
0.05211345952287722
0.052151370982627836
0.0523305018006805
0.05228266112930729
0.05237421692864738
0.05214347276875884
0.05230399569548293
0.051954019906909406
0.05193230874201108
0.05183675260077761
0.051804923259995604
0.05167515697648564
0.051006001616008975
0.051563596538749354
0.051211707484675975
0.051299889164167424
0.0512647106872597
0.051193694979572844
0.05072780941985424
0.05034245608994632
0.05028494032708096
0.05025899004441441
0.04952912100638807
0.049264570289322455
0.04897679267083091
0.04891645399695336
0.04856689331546873
0.04816319384883244
0.0483891035218817
0.04802544196667891
0.04778473613618046
0.04802577183951396
0.04817007730749481
0.04802991621152674
0.04740814730852699
0.0474133265510405
0.04690175216923438
0.04650192224025541
0.046019092173815265
0.04591049421243421
0.045521330937422645
0.045074015912236295
0.044948425355408154
0.044948425355408154
0.044790082515539925
0.0446344207684852
0.044509550686109664
0.044277955801272
0.04423158661120362
0.04399624314402233
0.043863814057491096
0.0436084963269724
0.043295423330382846
0.043228561744738665
0.04342400336469843
0.04317050789162299
0.04316634743671499
0.04311242018612579
0.0428630171126179
0.042583798193272224
0.04260025502088762
0.04251880306297873
0.042194698760805796
0.04181176732623061
0.04031410117810933
0.03997007749648693
0.04046350562379227
0.0394651239469333
0.04047370036875923
0.04014477357876748
0.03985077213763894
0.03895812985731403
0.037505680622581083
0.037751117229643395
0.03721209031230866
0.03665704377674932
0.03634058374091736
0.03594532928550855
0.03562591269784608
0.035515797029810635
0.035760028417697064
0.03546998651983339
0.035386734713226765
0.03503819623348507
0.034614821648457965
0.03413425395735247
0.03407017340254997
0.03406507377558873
0.03343748039114315
0.03314350204237108
0.03311723703478692
0.03253624187728176
0.03205385425643097
0.0314813392696609
0.031243708670159916
0.03109256153677665
0.03076234498281451
0.03067229194289209
0.03075812949666886
0.030687556178446127
0.03068752823375046
0.03069957193002214
0.03082154549520987
0.030678818741395903
0.03060593406001824
0.030579398982459684
0.030478266347205678
0.03023270741512325
0.030056853113133726
0.029883983924410853
0.029469683681400245
0.029078805763931893
0.028523525186716064
0.02826644760183948
0.028321813985535536
0.028052828673000976
0.02778177859390323
0.02783215111259115
0.02783323731533932
0.02808902888636087
0.028018680076183706
0.02784607074120023
0.027441045131496106
0.027120526333316883
0.026718924410016064
0.026723106631589555
0.02661383156908854
0.02690474362311767
0.0270052020825179
0.027005896134864055
0.026536936441021303
0.026455433160939443
0.025983295128906025
0.025747860121142507
0.02570749400145763
0.02549997318104813
0.02551611294791652
0.025664169657157714
0.025355478837338175
0.025367482327262342
0.025293082842702437
0.02512423794451916
0.02497008732515662
0.025032784817426455
0.024768766748372167
0.02459730992685925
0.02444201760341368
0.02441152347618711
0.024194835986600813
0.024069322965354665
0.024036286308892908
0.023812734450974718
0.02381991457068865
0.023593777872269055
0.023381264489109495
0.023226071448694364
0.022954972338286587
0.022958762602089688
0.02273847259798415
0.022182608633102806
0.02230175209719964
0.02197103316161017
0.021761696489320928
0.02163662323979246
0.02179423724323871
0.021528600543595462
0.021338201201576697
0.02099642219043968
0.02037058447293404
0.019921754382005243
0.020429969134069845
0.018801212890171955
0.01842937649835401
0.018398203091507595
0.01798542940581068
0.018852389921707756
0.017943607352959016
0.017102625100407373
0.016863675056922163
0.01676506787324421
0.016577926548233354
0.016551956640438015
0.01691705644292076
0.016854531376578327
0.016829672662848346
0.01666485399725477
0.016341376178657066
0.016137518115308995
0.015397455668199927
0.01502405540171566
0.01489744417382178
0.014756678308787534
0.015056099912390524
0.015065109628909659
0.014495887541113497
0.014149121647456332
0.014191539595356684
0.014036358722000099
0.01318969281157188
0.012991968177155339
0.012779473940701823
0.012548320678540637
0.011879673407809339
0.011321413852261037
0.01120785893460906
0.011328884808243525
0.011989195283729237
0.010387279792469716
0.010433023454372924
0.009701500240073832
0.009349646843049075
0.009348681677116678
0.00936745797433177
0.008971573135042332
0.008621458647354982
0.00840714654906229
0.008474068114076212
0.008677504895332176
0.008990704595449102
0.008699263517778015
0.008418937098980624
0.008270634666726725
0.008128291741366186
0.008297861366366902
0.008366599470274046
0.008102689591726508
0.00792176739400186
0.007545415899517029
0.0071976881860452
0.007152197145291833
0.0074532485381332315
0.007272084491313183
0.006348168156781346
0.005962878207668831
0.005735010121776648
0.005499402466826569
0.005626938741127603
0.005251309628349851
0.004487078305343735
0.003965975780479283
0.0033121866050349466
0.002233294759407789
0.0021612898795971146
0.0029895419280084744
0.002638045774407293
0.002646402874690297
0.0033958544281987913
0.0031794176314918978
0.0018957991890151068
0.0015064376228637094
0.0019676713680284817
0.0019866538374418165
0.0009158086860557715
0.0010208074338109716
0.0025861572925384405
0.001735968803564976
0.0020590495236634714
0.002691225222967682
0.0033362056434858922
0.0027349145694336024
0.002975930390389188
0.003296447066412231
0.003062695631809937
0.003894702872553191
0.004161759435630636
0.0042524087870935996
0.004404987271117417
0.004491217754967338
0.004642142114003203
0.004877209979894637
0.005365158838208299
0.0056604554110399885
0.005633745525034612
0.0054917488548731205
0.0055699950695869225
0.005878441166587447
0.0062221817086895205
0.0067931910014131895
0.007204514713323557
0.007591821176403405
0.007778433394338658
0.00785605569744012
0.008663537049768992
0.008715577688374712
0.008897621180949434
0.009279337822258257
0.009675427643296654
0.009910800145597079
0.009833298209448142
0.009971832813085509
0.010277785564690443
0.010626770816215594
0.011156428920454023
0.011851237491392264
0.01213028863100757
0.012600998051029811
0.012704322732015695
0.012650979494994594
0.012765075559026211
0.012781565526904976
0.013148893645005252
0.013668591028420548
0.013943049646090363
0.01452055155787773
0.014496145287674688
0.014467272117338384
0.014491721387271495
0.01484033812075391
0.014994555293841588
0.015266084432045635
0.01577407492187033
0.01627612678516799
0.01670287088040752
0.017392247333379438
0.017500646594872236
0.017508460689516673
0.017877085370222017
0.018011693935456683
0.018193902091873878
0.018371753551988657
0.018642433849452123
0.01876607634367273
0.019167207371057555
0.019446184118495916
0.01951186811191199
0.019590263613408525
0.01963988680489681
0.019715154543273265
0.01999711689078444
0.02018947053059628
0.020492243080345154
0.02096709256098094
0.02116415822946363
0.02135493128502541
0.021835455574253853
0.022095934121713966
0.02249896854527744
0.023367106701285438
0.023616359048528678
0.023857212055797414
0.02442981004070441
0.024664345309541265
0.02493003111871282
0.0251690329679746
0.025648663471349694
0.026335303113401258
0.02677706593092936
0.0275223382977848
0.02830625803759271
0.02906734941803187
0.02967028552582503
0.030134242612735427
0.030661564579344533
0.03154427236780609
0.032261913817589055
0.03281641037697404
0.033314410479706284
0.033801754383270474
0.03430528147364404
0.034973060133493696
0.03547949444630982
0.0358606650003948
0.036272498886936545
0.03664144285067748
0.03720254028756695
0.03780686395539428
0.03846007127308538
0.03917541252093108
0.03994037752315616
0.04027858164015144
0.040351344963990905
0.04076413885960433
0.04101199626021286
0.04122997681142166
0.04152237739345854
0.041870502383027496
0.0421129064424376
0.042314536189452086
0.042640065977607035
0.042919355803699946
0.043380640789399065
0.04388271324396911
0.04463265693561434
0.045128098060718866
0.04582343979506577
0.04641317443972226
0.047143010081234414
0.0476406371766445
0.04852804399190785
0.04863291619403803
0.049076467620188545
0.04937555722677465
0.04942411430579309
0.0500521072191659
0.05047193386513448
0.05102366747845222
0.05144025677979732
0.05186720220031078
0.052306660152218895
0.05286231444690941
0.05330919548560865
0.05382536575105618
0.05416985568950592
0.05451294461907162
0.05497697869140641
0.0553752059463823
0.05608949239719104
0.0568342943175964
0.05701817515543707
0.05737254247692886
0.0578680246873198
0.05857797609100891
0.05898873243448879
0.05954553188707057
0.06013035089904817
0.06062037767108022
0.06103610496661436
0.06157740650035578
0.06211481238608571
0.06264491877896171
0.06320578080643766
0.06380376469064385
0.06433235546980276
0.06464805322916814
0.06508663511630303
0.0654605862220816
0.06571624465989974
0.06598796457232342
0.06669814251490827
0.06750290428745387
0.06745014593129431
0.0676315961642462
0.06794242452930105
0.06837605619595515
0.06901147926910604
0.06939095660887326
0.07024250970334739
0.07093678008194092
0.07159687549208021
0.07213917520162898
0.07265019009213897
0.0729747197041555
0.07309942328049311
0.0731852497567018
0.07341927186138497
0.07388602348636181
0.07463155400616094
0.07513394775016194
0.07545159469710096
0.07570857768925521
0.07608225093572583
0.07642924071438524
0.07695194562322194
0.07779578946753507
0.07818489098210729
0.07864468924453374
0.07934072064803023
0.07992438018429145
0.08037700038358739
0.08072809484911024
0.08107503323782848
0.08135886119548118
0.08176274065449636
0.08204914401559274
0.08225345101981182
0.0825207784754342
0.08279935891799414
0.08304982239405259
0.08338248208354862
0.08373158412049216
0.08404600201205055
0.0843019161008527
0.08421157859086982
0.08471790762088043
0.08504249418835885
0.08557009151911996
0.08604338059156469
0.0862753170364923
0.0867844870462943
0.08732974799676942
0.08755347579352882
0.08797566936096365
0.08827764545757669
0.08874420115610214
0.08904209951383465
0.08931477243767229
0.08954318079094849
0.08978292327014473
0.09002927854087689
0.09033234035110742
0.09084689433944491
0.09072501014805952
0.09100089578991728
0.0912904646654299
0.09170729066187926
0.09206623846939052
0.09250275064738876
0.09250538595607563
0.09281213794471982
0.09355669316222037
0.09404257903697179
0.09469688093418402
0.0951938154124816
0.09579887111980515
0.09644100985334732
0.0978864645439707
0.0979819441895035
0.0983421518971747
0.09878103613339492
0.09920663837506478
0.09965663771472237
0.10013097483086214
0.10056079168657364
0.1009890328191653
0.1013465393227865
0.10204981743359966
0.10259340590612122
0.10333046028830627
0.10417591559079273
0.10457163365250842
0.10534014843779
0.10601721181093014
0.10700573716680273
0.10759821407681314
0.10857957558597454
0.10946757658757543
0.11027623972682955
0.11078538788192284
0.11163226794311025
0.11264937768653195
0.11361033500507482
0.11493292649649511
0.1157213455848522
0.11665965733944966
0.11753845589651812
0.11844152845646566
0.11885235482080303
0.11926036206223473
0.11959618688223932
0.1196809118225232
0.11966770746047377
0.11968461723558362
0.11967922916949823
0.11968260239095639
0.11970454580039937
0.11969703820922688
0.11978829041400502
0.11990467730082224
0.12020933646117843
0.12054156082619012
0.12100633928447342
0.1213962126781618
0.12175174333211801
0.12205026537323696
0.1224736551827869
0.12288624799681394
0.1236334225711273
0.12474727655803741
0.12482271404455823
0.125390307152812
0.12601942589964243
0.12652565525497864
0.127156260745738
0.12814920116074557
0.12918713358552286
0.13010764190361548
0.1309130275366758
0.131785655889347
0.1325731873771674
0.1334482637107772
0.13459122244972246
0.13607422981411507
0.13577213543377292
0.13621206202662742
0.13686034555119628
0.13741695911066135
0.13818893404831611
0.1389243229571366
0.13957524642743252
0.1400953459039565
0.14059160938023274
0.141028174728206
0.14135825007590402
0.14174736823057565
0.1421310092831919
0.14265496638800407
0.14315730952349875
0.14379060402560395
0.1444936825813991
0.14533060522444408
0.14626377470496377
0.14649644128181058
0.14665445798611884
0.1469966405228613
0.1472456944833906
0.14740165768016858
0.14763819984050783
0.14788771008187426
0.14802034813286105
0.14816796316151362
0.14827772539579853
0.14830769759497625
0.14836360704894916
0.14850005532415617
0.14870458844380716
0.1489974324835837
0.14922355382695243
0.14942602825926363
0.14960775622388645
0.14980900811876877
0.15010208559573424
0.15042753212020885
0.1509199905288917
0.15149660276002802
0.15207444755795638
0.1525975645724462
0.15314910300287948
0.153715337855948
0.15419684554024607
0.1546961693230512
0.15507061734865718
0.15545109463613382
0.15631735913800282
0.15700509439792773
0.15682620675855488
0.15738306378029823
0.15793104362062174
0.15857633745727084
0.1591861981995823
0.15973480638551704
0.16021010019627127
0.16073254877215143
0.16120675268675755
0.1616585127461711
0.16212338879213295
0.16246315494772223
0.16293537385009652
0.16355061309603655
0.16405760460048907
0.16475116936751383
0.16538962447618877
0.16587142297875218
0.1665477347948891
0.16692045814098094
0.16736351185952392
0.16784098281366228
0.16818019106713503
0.16844300529166797
0.16890021726471915
0.16889297936003986
0.16909854002885238
0.1693389506389333
0.16959243859053613
0.1699088775672059
0.1702698655311238
0.1707259367919892
0.17117012799489353
0.171641762283151
0.1730645068753901
0.17272426094508314
0.1733893467148046
0.17386240828174127
0.17432526722843517
0.17483122467494097
0.17533763427140386
0.17584890564544295
0.17627939177928587
0.17684715215316635
0.17763784457947224
0.1782266366981681
0.17896114880126401
0.17937881802988778
0.1803471021937078
0.18003367448126145
0.1801652815538613
0.18032959567993112
0.18042871711969313
0.18055748784819622
0.18077845944956433
0.18103108046250801
0.1813481428347386
0.1817119102254426
0.1819881422356374
0.18222530321300498
0.18246520617686904
0.18291528123228593
0.1833998342135595
0.18372223614195504
0.18417016109118112
0.18465136668903284
0.1848243186257689
0.18507190477642357
0.1852375643837956
0.18540033701457187
0.1855258438257971
0.18563119931997005
0.18575929330909402
0.18582277683981394
0.18593140826209245
0.18615600763857126
0.18681056179692823
0.1878545769085286
0.18800919371340363
0.1884199626616443
0.18884839727216177
0.18982948259623653
0.18976320592855878
0.19001496348335933
0.19027017275918065
0.190569111430232
0.19099229926006084
0.1913463340407077
0.19188420840436532
0.19208484500753278
0.19290559225968562
0.19345336818559358
0.1940786312377787
0.19457975261127447
0.19482776025652643
0.1948541644967202
0.1950019652299864
0.19509153017187736
0.1954781955420272
0.19569193822285752
0.19601582131624168
0.1964008409666615
0.19671398476340657
0.19706103902540503
0.19758285782840035
0.19804368281140863
0.19838153806258557
0.19871794940106424
0.19897095100416406
0.19913234386251835
0.19932975217074528
0.1995260461962251
0.19979458692477503
0.20004592438026597
0.2002222245252419
0.20042501883092625
0.20064671686334298
0.20081767115294433
0.20100911282168454
0.20119153958339223
0.20130656896324672
0.20148588731138284
0.201762206822889
0.2020295220747919
0.20234503413496036
0.2027727990932184
0.2033508347704514
0.20388359134188644
0.20439302183070304
0.20503560326786396
0.2055464306727566
0.20607514841727792
0.2066772229868059
0.2071606828649519
0.20756078545181456
0.20782793244626588
0.20808868539067013
0.20845330310241997
0.20875972344473592
0.20910128228024086
0.20945401985435508
0.20991256190735338
0.2104566860959699
0.21075341398203992
0.21140354994959248
0.2118941554089318
0.2131864951054816
0.2138449490366777
0.21541198722311788
0.217450619809005
0.21841866506772162
0.22135002050906047
0.22383937603038248
0.2261703131985297
0.2284264287542276
0.2309523664635964
0.23283687398359668
0.2356373233709834
0.23819328545160764
0.24154938602906623
0.24399118633289385
0.24726629835978295
0.25053501900402675
0.25378818849869517
0.2564449295652436
0.2592167994941653
0.26039992865666683
0.2621917869635369
0.2634640333422755
0.26378819700069217
0.2643538812159119
0.26501209478095183
0.2659670306229116
0.266622177309954
0.26784379670379627
0.2685752591987446
0.2691162705162222
0.27041982456883684
0.27147279101190835
0.27235639192836436
0.273110922902832
0.2737625137909965
0.27461732309793846
0.2756234047341333
0.2761271389230126
0.27625149105243574
0.27657793143328774
0.2770510918457568
0.2772095225750996
0.2778694452178145
0.27858902151108983
0.2794485164146826
0.280865941961809
0.2817816257118143
0.28301787422561064
0.28364111362957317
0.2837725573835243
0.2841351236129136
0.28455264350557563
0.28477710165740205
0.2854501969192648
0.28575275635053626
0.28594717702426237
0.28688836970246645
0.28759062232051746
0.2880493670114428
0.28870903367593936
0.2893898758579214
0.2899307794277004
0.29109335726449
0.29182599751339294
0.2926937992231888
0.2932826816020335
0.29362338998586857
0.29343682131949145
0.2934584410628918
0.29383753320695666
0.29401373462031244
0.29471677485907005
0.29519714627221877
0.29562818532220286
0.2958996448900181
0.29582527267815345
0.2959043941009738
0.29608004995161025
0.29638966084679674
0.2965040079844531
0.296931040105354
0.29812391120495874
0.2981810797239225
0.29852774261427467
0.3002076471316974
0.30059522608003497
0.30042914271014254
0.3006649908441914
0.3010362591513425
0.3014019146630976
0.3017193478503546
0.30209136184973057
0.3020061354073181
0.30197168013683773
0.30197271173432577
0.30193363382055943
0.3020764701286168
0.3021789431496836
0.302169355153937
0.3022288011744138
0.30198194244588605
0.30187905738484344
0.3019287342895269
0.30181593855635025
0.30142026046879894
0.3017503730693121
0.30119759282471054
0.3014159195063281
0.3013884422700734
0.3011747707223002
0.3005574882917703
0.3001076882282118
0.29889335270886364
0.2992809050366057
0.29913552683810457
0.29869435982576953
0.29871552322249456
0.2982432421110437
0.29827153644429155
0.2978021348084763
0.29813794592396115
0.2982096394600149
0.2977121528238867
0.29794585409135355
0.29785024650988284
0.2969882262455711
0.29679502877105957
0.2966392214694696
0.29685883106044636
0.2962748101357827
0.29604625507901233
0.2952340858466412
0.2950711590448351
0.29466647026188375
0.2939823974444733
0.2944353842377861
0.29436169113084965
0.2943856149095217
0.2944398477642228
0.29423826934092195
0.2944324048649098
0.2942703603742561
0.2937583326943335
0.2933405275687853
0.29266172115365585
0.2921688883600372
0.2923238660714978
0.29199437190525346
0.2917694906904526
0.29167083421191975
0.29115115372848654
0.2908220067151903
0.2906444157282411
0.2906644635437421
0.2903204782518604
0.2902360043390817
0.2899187592422951
0.28948524429450023
0.2890112341526434
0.28854582591144645
0.2884310641318748
0.28808338762271013
0.287180520610619
0.28596313813899205
0.284934304502662
0.28291368080082435
0.28022290760779905
0.2790741776890091
0.2783994239066987
0.277641686543117
0.2770683247857656
0.2765606108019857
0.27590289271514173
0.2751291886260088
0.27430120286391546
0.2723910055034751
0.2715219414504047
0.2696652216336385
0.26713897591259705
0.26448988945104696
0.2624324545828513
0.2589967233586374
0.2561115504401099
0.25340722362867596
0.2502564259458182
0.2485395005965235
0.24703722807494646
0.24497629989411696
0.24303541311627194
0.24097993913924043
0.23764511736058652
0.23612938363144156
0.23542126415098952
0.23340523220127735
0.23273654474797453
0.2325225908171061
0.2323015989859799
0.23193996936927203
0.23164512554904
0.2312442398345804
0.23158476138958115
0.23134077503731676
0.23121066137924345
0.23084969910883826
0.22936632270074034
0.22930694762977483
0.22869737853383917
0.22861031728081518
0.22843049416152242
0.2279037083972914
0.2278941450260955
0.22772698834431093
0.22729602937002183
0.22661841271963395
0.22591421434742062
0.22464871242150491
0.22286686424383137
0.22183662327274695
0.2204944123859857
0.21993543241845429
0.2182497812852589
0.21617921227459005
0.21593506650365962
0.21527058784572262
0.21472142449291767
0.21410523482929064
0.21342044118621645
0.2129729785304897
0.21209853772194495
0.21132852536475505
0.21047171227597358
0.20972921403595782
0.2090991237463414
0.20848901232849737
0.2078363099695956
0.20706165748588454
0.20620543113078044
0.2055202447966089
0.20484962251151384
0.2042529189812956
0.20348738031334845
0.2030506052715934
0.20293111558377427
0.2024067513569598
0.2021341731914617
0.20186671808652618
0.20136064701589254
0.20104494293746086
0.20034886760260415
0.19990434394230136
0.19943983964956682
0.19884576695056963
0.1981100284593552
0.19755614349329742
0.19669530577056213
0.19642922577234553
0.19589748605752588
0.1954577710228564
0.19498876958836417
0.19479482991307148
0.19433646235371127
0.19373644878297724
0.19357303814061602
0.1934927216152704
0.19335257032430161
0.19319766601314123
0.19316410321895597
0.19310391276187974
0.1928592565058272
0.1926435834080732
0.19239806249009886
0.1922491779864875
0.1920425886696329
0.19177800651188423
0.1915116237729923
0.19118272406577302
0.1909527573356965
0.19075687731292354
0.1903325380755601
0.1898771595122422
0.18983696275331186
0.18971208788091645
0.18924855354059253
0.18900800219727623
0.18867125401307988
0.1884559108757114
0.18824579062414787
0.1879846582287974
0.1877336119627562
0.18760557974723294
0.18738875283870146
0.18705977085140152
0.18692346867605164
0.18686065888292028
0.18591192781122515
0.18566051266449854
0.18526808085841373
0.18479813585861604
0.1840711753796209
0.1833458122834758
0.18285861105839754
0.18257890639287086
0.18209999943424054
0.1817012378014799
0.18136969842245937
0.18083467013786056
0.18061908502768562
0.17984188403735824
0.17952455645515308
0.17941624726871688
0.17921421409411784
0.17893487645484946
0.17754412744571463
0.17713016353952574
0.17691193946015293
0.17665074868023609
0.17529149032434582
0.17478013613951648
0.17451656455061518
0.17424456160751087
0.173012848411531
0.17265279724726815
0.17239641702856362
0.17208727101949167
0.17169811112059002
0.1705682414159465
0.17012375777949815
0.1698089500307837
0.16945239662229794
0.16801400596673893
0.16763694330714374
0.16742167453698606
0.1671538932652057
0.16604464503586727
0.1658652718752786
0.16560054146155667
0.16539312422447097
0.16520073655051085
0.16495972655420077
0.16484018321512833
0.16244187097503612
0.16214015436387225
0.16194480735889996
0.1618233178720981
0.16158304241537988
0.16132582546536625
0.16104772116865726
0.16080160027139537
0.16048841112552706
0.15894587060724955
0.15858217300775962
0.15842816115379935
0.1583332243964466
0.1581809806632958
0.1573710488010239
0.1569937264788043
0.1567704418054279
0.15660288022770485
0.1564401188056974
0.15517193004226593
0.1550441984878327
0.15462334561135502
0.15429063384289252
0.15407630976940526
0.15234672776084018
0.15189324532872847
0.15171507451325675
0.15145470344502476
0.15124572035827413
0.15091232931042506
0.15070603960673665
0.15044715048496393
0.1501407307933519
0.14836480750596506
0.14792899126358627
0.14804589239791685
0.14749828286331895
0.14712781741344286
0.14582117968579608
0.14538824151070462
0.1451447902858903
0.14491752507117472
0.144675918459666
0.14450065490872208
0.14354859038749773
0.14338285926147165
0.14320743901174507
0.14301607212656767
0.1427905679659311
0.14167504829806923
0.14127466872377137
0.14110773487685135
0.1408864222376196
0.14056115162863006
0.13935416338092407
0.13886400482761807
0.13857960395400173
0.13826104782030066
0.13799743433755324
0.13782840481308267
0.1368954374690373
0.13646493249129668
0.13639651372295558
0.13598168169281327
0.13566726946515198
0.13436069515201596
0.1339783372244406
0.1336918069790078
0.13345906014688846
0.13320680368615118
0.1330105146563589
0.13218438665135088
0.13152953628511826
0.1313688238907609
0.13109020445622654
0.13079684312114864
0.1298053018545915
0.12954288470396783
0.12942948769671977
0.12925203097578877
0.12824771512392444
0.12794027737440386
0.12762441602119967
0.12735294431238897
0.1260307017374803
0.1257096393965588
0.12541134558677797
0.12507378203301
0.12446338726619494
0.12421280525321585
0.12393018627508061
0.12357615818533518
0.123101172324298
0.12273589967192222
0.12236005881260212
0.12178628402210696
0.12148537817038345
0.12100288071987499
0.12058972827329346
0.12030919678072846
0.11998792806956371
0.11960781824016718
0.11925939298877158
0.11950513392748875
0.11933779664506923
0.11799533427455783
0.1175697803520135
0.11702917415402027
0.11682177189319796
0.11643652853513817
0.11591684799112315
0.11566698913148331
0.11539935705720976
0.11505143808278777
0.11465169226508362
0.11439686028589054
0.11402575703472455
0.11371569860370291
0.1132918297283285
0.11304417448557644
0.1128313927674502
0.11241799468044696
0.11208809514298076
0.11184799648398475
0.11157506003561851
0.11135220779731858
0.11149226591782582
0.11097392768167287
0.11060939891074795
0.11024834085437242
0.10986888943186904
0.10920063321733989
0.10889521170609832
0.10852727808621715
0.10829520642185143
0.10803875091705352
0.10763434038186798
0.10732982400298514
0.10706656822389071
0.10656553285809936
0.10631737057978909
0.10609516120130057
0.10585165724924242
0.10562207144412868
0.10520242466760327
0.10501820628965333
0.10478932097083644
0.10440775512862052
0.1043983020583481
0.10477965788240756
0.1041838655059131
0.10332790360788158
0.1032011199055478
0.1025381404490863
0.10207148812215729
0.10155465304251704
0.1012811692431972
0.1007527626565236
0.10012742866943414
0.09952404054852562
0.09929706162486342
0.09874084725912857
0.09830404769612157
0.09788909465341195
0.09754039652279844
0.09710638785335858
0.09677123118870949
0.09659783241008137
0.09630042178012475
0.09589399213492888
0.09575920435731665
0.09568539495392997
0.0954627664760816
0.09526537510728926
0.09514896697702781
0.09500418631610616
0.09478213679817361
0.09460081420186016
0.09448165122438607
0.09414320862234345
0.09384690300619532
0.09360620000319085
0.09351801155533686
0.09334446618816042
0.09323531323076978
0.09313869174222841
0.09313774060496319
0.09302501262795276
0.09280318768023378
0.09262858106471487
0.09238596937906628
0.09193785366828194
0.0915300161675937
0.09099991231350005
0.09074594283629274
0.09056817961313465
0.09049115668527409
0.0902849189411414
0.09002709285979889
0.08958168793311871
0.08922014738847851
0.08892842265323336
0.08837912591844473
0.08802902577562619
0.08731329909810864
0.08701086675554005
0.08661282503617068
0.08629979561279488
0.08603506507840046
0.08574832027006035
0.08547367656565957
0.08513242988319837
0.08509731906774802
0.08403808915575067
0.08372605714234152
0.08359205819021726
0.08330914795233196
0.08306840850091202
0.08290851316346069
0.08276938654122637
0.08249042414570201
0.08226240808785105
0.08194874764102245
0.08168674298905172
0.08128959573011499
0.08077633523251188
0.08050737000888776
0.0803910272107494
0.07991778024446572
0.07953586882084858
0.0793270639911939
0.07927396350057285
0.0787271755358572
0.07826931696209018
0.07802716840881892
0.07767552083420187
0.07694767130069559
0.07669191580065048
0.07654658998234778
0.07633726661805795
0.07605664821174603
0.07612573984671211
0.07551812359923234
0.07501078294111665
0.07414304340352583
0.0735809777859361
0.07287375228727717
0.07276797275683337
0.07254492512716945
0.07199335380506419
0.07104225357741481
0.07024420401822504
0.06960975449092989
0.06901586990326633
0.0684927342537163
0.06802518242679143
0.06756574725813701
0.06729944416573035
0.06682373137625376
0.0663310264619838
0.06571703624972984
0.06510248536333464
0.06459325892607048
0.06415335711674396
0.06338531238880168
0.06274121206819608
0.062258575111743375
0.06161563733560499
0.06116446843279398
0.06087355988587935
0.06036682993596896
0.06045160519218449
0.06025983303990802
0.0597637494831008
0.0584463101312098
0.05753075646803468
0.056618225060756915
0.05599556348456573
0.05555949755910287
0.054756121137792234
0.05461830763576313
0.05429266824802595
0.05393166632570383
0.053299472136669614
0.05274529700757301
0.052356936017687886
0.051818190958469006
0.05127004504090485
0.05086842038923617
0.050530146369367604
0.04989897084814205
0.049523677091121786
0.04913676120939026
0.048737055940384695
0.048159171553194054
0.04789389165334156
0.04776051593110871
0.047505394571685844
0.04741101717785499
0.04691958900643927
0.0468158210780937
0.04666240649237723
0.04658894722078811
0.04601245072349977
0.045656912788674404
0.04534128486897479
0.045093132330207605
0.044769506355154864
0.0443386476725552
0.044390310507190105
0.044197446963860215
0.044148380842520096
0.043995864324193105
0.043884730353421525
0.043740160572084075
0.04333328597066903
0.042776421564613816
0.04233432574624097
0.04204632387801516
0.041457626921010404
0.04103613214585234
0.04076481418872988
0.04054806608238974
0.04016056630624848
0.03951146302285209
0.03874012418715251
0.038288126707883285
0.037795051304039706
0.03749270798192311
0.03697740032416726
0.0366114775436585
0.036308093385390684
0.03604680609680579
0.03590878853688644
0.03577914809922227
0.03564946998277331
0.035386720973311914
0.03530803052151695
0.035134612019383754
0.03497996869826539
0.0348713594301596
0.03473629604295951
0.034608823380647476
0.03451535808684247
0.034332015467858544
0.034166692285556556
0.03402566424396013
0.033986137114610605
0.03381734242647361
0.033727971472683284
0.033677728408884416
0.03358783961162188
0.033534877735322655
0.03336603412794113
0.03335650864557428
0.03326153121838643
0.033067681214840515
0.03301399304902357
0.03291646859100433
0.03281188420276516
0.03241022487228341
0.03222798527394646
0.031883201701800166
0.03158797671152744
0.031341492117867166
0.031199580873689885
0.030928150530415206
0.030676576756731702
0.030498875899216092
0.03036331026917826
0.03024979069779723
0.03015593848503241
0.029999986832243385
0.029895223982105316
0.02948460807325627
0.02931026241890107
0.029322907148651496
0.029205143168192692
0.028898110481518975
0.02851507780262975
0.027917865337991454
0.02773038084194344
0.02744934900500302
0.027078532089301655
0.026843231812658908
0.02656695598530002
0.02637272610509053
0.02637272610509053
0.02637272610509053
0.025501545721451
0.02546038028169896
0.02536841556670214
0.02528161870560512
0.025192389165376607
0.025014750225969638
0.02495814385652331
0.024735016667300092
0.024472567414661296
0.024157169952673283
0.02379185939478473
0.02351393421530939
0.023378455797753047
0.022959148652918673
0.022824187436835917
0.02185226827477407
0.021247713103075338
0.020912958762404222
0.02045601521398162
0.02009907645485011
0.019454442953096954
0.019191303155273537
0.018434219467600994
0.01806840525635046
0.017756510760168896
0.017779304927797265
0.017360449899792484
0.016871081450611617
0.01654182281770559
0.016305150797308945
0.016118287989465664
0.015858080741565802
0.01578252612723706
0.01549776306807598
0.015401419248249712
0.015049883037081532
0.014714276706455403
0.014558955317954756
0.014415975379201992
0.014477769374070885
0.01386815433655509
0.01336143341287832
0.013008122100245515
0.012621862669564327
0.012196754436097444
0.011899845125754364
0.011253833448117595
0.010881172670096707
0.010590789877405605
0.01039865200606314
0.010415352568266726
0.010287153653159346
0.010183362126602787
0.009750022032346387
0.009383454023425823
0.009111609926786177
0.008722308034998608
0.00864734339664562
0.008396249801252621
0.008141217185048103
0.008027292369981433
0.00795795829077511
0.008192596208080122
0.00813617056166114
0.00798169102675097
0.007471162660882107
0.006874902855954725
0.006485033670589008
0.006038096318833406
0.00612577644431225
0.006281616281964153
0.0056471001911700845
0.0044004128927082
0.003652954704082251
0.003224715250563835
0.0033658893208939073
0.0038754301189107736
0.0032003041525053956
0.0023929144461339196
0.0017770490848162705
0.0021752091462009142
0.0029546135900647722
0.0038186753883626638
0.002238209650091999
0.0009055806553220459
0.0005212118611113519
0.0015387227787442919
0.00282938226193582
0.00412269718730329
0.003452005665154901
0.0029161071827869377
0.003259291765614411
0.004051398369199658
0.004624997201727701
0.005806528548259331
0.005447017727247794
0.005319150351143015
0.005569463748839111
0.006256812217641595
0.00677705490075059
0.007262419005173798
0.007859628900081999
0.008544722902267649
0.00923043087456417
0.009871312291182233
0.010278598190430161
0.010370478971648946
0.010751071035930095
0.011308361230190458
0.01191554938289096
0.012376199685459222
0.012453087407971375
0.012899865519664678
0.013689924040396028
0.01397388156842145
0.014135850402747698
0.014300009484554572
0.014739385818698646
0.01525953754809558
0.015941405475309617
0.016388690032070313
0.016936757479098605
0.017010198400988517
0.017159808288816997
0.01771512217380383
0.01830060113348705
0.018821739846086614
0.019866384336579425
0.020325466248083294
0.020881336400794433
0.021320533321807295
0.021694432437582994
0.022124550466566927
0.02253610313490253
0.022986150339603856
0.024044460797819054
0.024519920137290575
0.02470522822470265
0.02485370355842652
0.025023331842551087
0.025291560123912687
0.025415929285767167
0.025546347244144566
0.02571955151256055
0.02595001967419546
0.026174061902027958
0.02628773665404367
0.026525621691419234
0.02665828499497749
0.027108439438970823
0.027288902451404
0.027291721879806757
0.027687507703282255
0.027864977858630915
0.027918498335364212
0.028036459949871508
0.028169019197716416
0.02834712340479783
0.02856472558828877
0.028638073018637574
0.028851040604241193
0.029053134630864313
0.029279088530226035
0.029540120765351927
0.02980502417834549
0.030177298988165412
0.030648431092556532
0.03073081118292779
0.03077031729406798
0.03100764131993811
0.03102311617923467
0.031094086978401797
0.031228629932233215
0.03185264907902767
0.03218553404768858
0.03261054163076126
0.03317711373968216
0.03365512594227725
0.03381771630347259
0.0340510828454363
0.03451611872185375
0.03490295071326472
0.03509501339101277
0.03527791309096523
0.03529777530566628
0.03592404079309317
0.036000442424955634
0.036218474272681565
0.036607060633327804
0.036975054008711025
0.03703264160059687
0.03731193989502328
0.037584755733925244
0.03806727734524713
0.03821416585488828
0.03837939951318214
0.03841852647918213
0.03849206146958988
0.03870671381744967
0.03892537928121452
0.03935359843387624
0.0393557284555565
0.03919967646677596
0.03965318452045581
0.03983009415132298
0.03999841054324888
0.040276487346317225
0.040582834917526706
0.041334063652812246
0.04166697986787681
0.04226575601291934
0.042285230256849125
0.04246789113574935
0.04308287712494373
0.04349297872650752
0.0437194155035144
0.04440177193834843
0.04437921293454789
0.044773416516865575
0.04505049969671014
0.04535551755834483
0.04583342315873231
0.04621622209182969
0.04717531798875928
0.04740125790304316
0.04805331926903424
0.04904904702880228
0.04921115949529058
0.049528353038362
0.05002612090144408
0.050632010697930024
0.050643899619297605
0.05148145840354436
0.05187935812790877
0.05256270955858981
0.05346060024874853
0.054069823301662816
0.0545213511593111
0.05481827285298376
0.055124914088580904
0.05551350885196352
0.056270252029015005
0.0562562710701837
0.05708774240497784
0.057348483576803784
0.05753192646651498
0.05790584129038561
0.05793148445748766
0.05895931165361873
0.058908496104968525
0.05981111639311503
0.06049392457801612
0.060716177083729866
0.06173438116806077
0.0623551860134835
0.06355981702139973
0.06451577894077294
0.06510725756876101
0.0660462845659309
0.06620071045456405
0.06621591453189656
0.06652961990118386
0.06679472491398117
0.06701444227837772
0.06710951747637836
0.06701697494886713
0.06719628146517749
0.06775742265988391
0.06794961738353116
0.06862979169613223
0.0685506484630977
0.06881629663144825
0.06911624274368833
0.06925743499488839
0.06942315065341034
0.06946164256475401
0.07013131089984864
0.0700126861872724
0.07006281507713785
0.07075883239586687
0.07028182247492652
0.07098096559271676
0.07115719163104417
0.07149671989917296
0.07145944044534944
0.07192197617200279
0.07241790953079366
0.0730954223487617
0.07354848128106271
0.07388734161270227
0.07461395214039937
0.07489193350345551
0.07522049357823894
0.07513282839394803
0.07609885397836183
0.07660509934918376
0.07678366685415945
0.07768793588408962
0.07805271529858317
0.07839184717347066
0.07882806800378547
0.07891965393518571
0.07908144229055827
0.07914983878127493
0.07931940095997321
0.0792558028821218
0.07942216350159756
0.07989097024903437
0.08025955639232366
0.08041440995344451
0.0803151058049992
0.08050274396792262
0.08065977931723033
0.08106530964047946
0.08138051915311192
0.0813511655931445
0.08183271597083201
0.08208445255638597
0.08248442432077585
0.08314682445835961
0.08346745463049815
0.08324785852913152
0.08363809029401416
0.08357260294847448
0.08391251589897632
0.08381685238950826
0.08457501543936315
0.08476714768445283
0.0851078487502434
0.08540158516105555
0.08558048052869995
0.08617770426404713
0.08673858510043443
0.0869685522096167
0.08766689220546629
0.08829497700410792
0.08859469005086196
0.08848251851961328
0.08914149331886884
0.08900337151361189
0.08912529054347204
0.08962777181200043
0.08981060386041054
0.09000066749383849
0.0903488389626087
0.09025687866005269
0.09038661236201673
0.0904571799102452
0.09084820481423124
0.091246014930423
0.09154856279456966
0.09145497638369832
0.09192817332344158
0.09252329273175675
0.09236107901805476
0.09270653552370657
0.09306480143035639
0.09299101567396957
0.0934730812310361
0.09374335703945864
0.09393122765465156
0.0942054186784159
0.09443229251080969
0.09456659206564615
0.09474991440363467
0.09487717097490105
0.09515076659088606
0.09516868329009354
0.09505351543409901
0.09511973042577082
0.09495684777705396
0.09498257348703405
0.09496945387473878
0.09499225828297549
0.09523381800768921
0.09558467648546523
0.09532880093682723
0.09536975673441457
0.09550123293700573
0.09558437773527742
0.09594388021075188
0.09603243627461844
0.09593371199857212
0.09604065860829493
0.09616150754156683
0.09637767213161555
0.0965247156712165
0.09651152298869614
0.09625824018813754
0.09630358306297493
0.09633443580173522
0.09635981776020457
0.0963150110417326
0.09638494856571027
0.09685349750303343
0.09693188377456396
0.09700050431030441
0.09738563783783717
0.09758966896893877
0.09772833678387619
0.09802571933087675
0.09824586974200387
0.09830505934942543
0.09859289088150346
0.0988384658353463
0.09900668682382815
0.09907635488650615
0.09901414106650634
0.0991728143436069
0.09957022803149526
0.09968534114574282
0.09980624437293627
0.09995252212142766
0.1002443199565726
0.10121101383683788
0.10091255626520232
0.10098351394679145
0.10117125781196198
0.1012848821698755
0.10139039680208019
0.1014025480513182
0.10186560809608584
0.10260547830896946
0.10263847695876943
0.10270638617113353
0.10261191749022894
0.10288560541378551
0.10302489831376217
0.10318936587363164
0.10325014868717132
0.10315899242200767
0.10328441491070321
0.10358203585274132
0.1037613378020104
0.10413385388055077
0.104129754585022
0.10423895857045332
0.10433168034388221
0.10446877073737483
0.10443684529795404
0.10549565713406527
0.10555084480053623
0.10616584547960138
0.10589676567634608
0.10601807133610701
0.10581414026069036
0.10600973541062227
0.1062067112616288
0.10630308813617399
0.10644328243266288
0.10655188025751029
0.10689375838034175
0.10696666806241474
0.10678734383164497
0.10680089325060473
0.10746429964041505
0.1077225285577577
0.10761129673764934
0.10780965756815203
0.10792516092562786
0.10800549445298241
0.10822631960437477
0.10834558108145394
0.10867459552860961
0.10885189360720822
0.10921361379921662
0.10938647862714873
0.10947080137725149
0.10946134420110082
0.10944950784912152
0.10935990670015458
0.10935643019724356
0.10942292120348471
0.1096415850069229
0.10976579388179601
0.1098699800330146
0.11006074965842293
0.10994670751159775
0.11009298692686754
0.11016064465357878
0.11021143015430176
0.11031980991218418
0.11038909456175401
0.11025710220780875
0.11020691803782309
0.11045551163698333
0.11047674708042111
0.11022642446036501
0.11040217215022435
0.11061764891944204
0.1105605854798416
0.11044233397395198
0.11063847356446066
0.11060902893273657
0.11060823006987375
0.11070243667283376
0.11082726803462338
0.11081815766874731
0.1108857894187378
0.11089748428326873
0.11059934218097814
0.11057666397123855
0.1107696305997906
0.11065337962024796
0.1106873656191011
0.11064542863491209
0.11063358337961268
0.11034718632548
0.11042867456714674
0.11024331923901319
0.11047997988738409
0.11037581034315437
0.11035932339462506
0.11059747429309989
0.11065873240554114
0.11077145785130102
0.11054552736749582
0.11066737543057023
0.11066577147555857
0.1104865561206351
0.11059792360656605
0.11096769674777615
0.1108018388487383
0.1111325692372236
0.11121752725300754
0.1110030919838302
0.11117052716981864
0.11113687872820396
0.111262639625369
0.11122599251837574
0.11116410035144354
0.1112740730205646
0.11106674391610383
0.11107540416795159
0.11104600353768943
0.11116167544017463
0.11113520672958319
0.11110075671576752
0.11112110520000412
0.11123273703563154
0.11130103670209936
0.11113942409400349
0.11100513608178025
0.11077292492034661
0.11072066468464982
0.1105865534604029
0.11035486837654004
0.11033845161328497
0.1104065450589953
0.11047733763403524
0.11077204562179013
0.1109223213988763
0.11060892553261999
0.11076129428138647
0.11090303318263549
0.11102700484725633
0.11092655824289605
0.11096555389125605
0.11110788474653996
0.11110975971449595
0.11143918095186997
0.11162903615469072
0.11174378127774205
0.1117598351094409
0.11159481076211028
0.11171960250002816
0.11182019908150095
0.11232901425261681
0.11307071767370341
0.11465935328891548
0.11605436860765002
0.11751253765813847
0.11858563729472744
0.12019590873314302
0.12090018327089996
0.1216064664841214
0.1223842506751051
0.12341280985721914
0.12429575264653744
0.1254512889182024
0.12606913781683485
0.12689951699923652
0.12806760294889577
0.12971887842157726
0.13123247048160971
0.13166635347429229
0.13075469080679059
0.13087572549088605
0.13074554950459424
0.13075252099937748
0.13050404288205703
0.13057021744469036
0.13068652178057963
0.13065781902436086
0.130625118666317
0.13036272475172653
0.13058341118013497
0.13021234437690432
0.12989854540971815
0.1297589644408585
0.12948901767618629
0.12936996447232094
0.12890692601963102
0.12850821859132655
0.1280747348678816
0.12720859727122727
0.1258953690336068
0.12450035895752072
0.12254461252718549
0.1208357990153087
0.11966394623855546
0.11759302017957723
0.11661107382045849
0.11577612911872277
0.11493070141889142
0.11498449657251598
0.115731202464644
0.1158915434510794
0.11596880461814404
0.11613214287005753
0.11641791577842822
0.11635876932977249
0.11706309252910606
0.11739512278527374
0.11760125190719303
0.11790292348450951
0.11764992395373115
0.11749356693147432
0.11773462927034271
0.11768280912163738
0.11727902445068904
0.11740467907100018
0.11720675464611567
0.11757427553327818
0.11712869750661138
0.11699763550559385
0.11631105798298401
0.11622562796032929
0.11588062624952945
0.11562435968139703
0.11542560252202243
0.11496225479136339
0.11489772574026835
0.11498331612706653
0.11461787372880408
0.11450066538440168
0.11438206014798122
0.11435785529137261
0.11426680693999715
0.11451493911603375
0.11400163214655815
0.11389318084885607
0.11393730708086279
0.11421105046085499
0.11362084211346699
0.1127833032325911
0.11285158259973979
0.11265653290024398
0.11182445249610104
0.11169093283226965
0.11084487982350616
0.11026004273644982
0.10964785372765477
0.10900786284757479
0.10876026434338956
0.1080499536817936
0.1079171284081561
0.1071727419067793
0.1069041727448779
0.10643029159422429
0.10602644845586086
0.10589291195534511
0.10565099493999988
0.1053992907333331
0.10508175960500532
0.10497448648348283
0.10515911710877107
0.1051335341782995
0.10527930087026711
0.10521643462219055
0.10527311941727958
0.10524456046370183
0.1052006049254397
0.105330867380056
0.10517568628245859
0.10507374583669439
0.10486400167219007
0.10492372573954936
0.10446039648911377
0.10409690752690359
0.1044342276364468
0.10420026921753224
0.10409548007339578
0.10415377215813461
0.10411254379182287
0.10410181877018469
0.10408399725564471
0.10390021784628216
0.10393055842142405
0.10368401690402557
0.10395242007368644
0.10424465570436055
0.10358077408425183
0.10214132003284519
0.1015089315923405
0.10089248620308333
0.09998520927349688
0.0998300197617904
0.09956316019008563
0.0993414620478546
0.09906441693674899
0.09914064988421731
0.09914979070799337
0.09908744011254235
0.09891932556640524
0.09919670020696571
0.09960345556110194
0.09923366271105533
0.09842152062562305
0.09805445407521224
0.09730652620037884
0.09730597545545504
0.09711570907926817
0.0966960527148202
0.09661178906464868
0.09663829947286295
0.09617932363721893
0.09640811401342453
0.09655960865024447
0.09643910917493417
0.09642920668962818
0.09628250623309123
0.09611584930211099
0.09615719405791565
0.09624444790089046
0.09630778287109341
0.09623892300257497
0.09604025183627024
0.0964357016704135
0.09611447632237205
0.095550762685862
0.0951057886718098
0.0948011197966382
0.09477327612791324
0.09425214090904623
0.09400669161522103
0.09406534810459195
0.09403571318224835
0.09474661668143497
0.09380053439406916
0.09304571756497644
0.09291928972385423
0.09299119683262778
0.09246757513182853
0.0920516578716997
0.09196218261391259
0.09136650682463136
0.09191781540232767
0.09151134376992479
0.09047687744111824
0.08889269271258267
0.08863637642727225
0.08808402374219365
0.08755924126507694
0.08647582749125776
0.08596636170320487
0.08582524244676998
0.08531478246496098
0.08522815528091277
0.0847893547790616
0.08420308639460321
0.08417650119765242
0.08415587732931523
0.08428144204171138
0.08393123924960359
0.0836216623627047
0.08339825744181546
0.08290374542116853
0.08195547362642726
0.08133775707997587
0.0808572348304888
0.08070281098845154
0.0804824549194452
0.08010565213404149
0.07971684936964321
0.07927351373613258
0.07887273731832764
0.07863541043790476
0.07853253016349014
0.07859396904277252
0.07866315301469372
0.07862069589950818
0.07856379573129789
0.07803864292827763
0.07824914466410689
0.07770269939116382
0.07687958102699385
0.07705340756999488
0.07693349974043462
0.07725580361447483
0.07736611497835058
0.07875304797434284
0.07847738458744125
0.07989416940254988
0.07983041571820902
0.0798216741401421
0.0806461143126558
0.08044496005837612
0.08360220336603365
0.08465669329572034
0.08611227356162386
0.08759389909108001
0.09669133160059928
0.09899052749710276
0.10031520316972202
0.10197557747060312
0.10121982549802104
0.09890963122699571
0.09725341792428219
0.09620389033348477
0.0942832525360277
0.08803956145999942
0.08625531226875911
0.08377344892556728
0.08200263806188082
0.08096718858826359
0.0797406383795163
0.07770559082569153
0.07872822277017628
0.07845323058663495
0.07878868827014124
0.07955813112287013
0.08319227681946782
0.08502507185217016
0.08920291630610096
0.09249356108311386
0.09409998287427082
0.09517350168123266
0.0951864128491926
0.09448310160033646
0.09422768057434375
0.09279430520233338
0.09208899194905763
0.09008085724623284
0.0881564849619177
0.08549051730212957
0.0836811518363599
0.08200305941641528
0.07832250561542295
0.0749133116744068
0.0704950014072155
0.0688945659563777
0.06695124926899712
0.06414507915255147
0.06292924297235986
0.06163864660928742
0.060091998909879665
0.059180738847081096
0.0575069778287527
0.05621072471139663
0.05572997576049518
0.05515650891103253
0.054246811546708074
0.05311229677431571
0.052709540788502124
0.05105694499065511
0.050244276074785404
0.0495198152072777
0.04858573049462046
0.04789026461143334
0.046857918345510424
0.04639372496899421
0.04541398627336705
0.04478977296469184
0.043779270351915985
0.043133511149037275
0.04230820319271494
0.04193966581550721
0.0418854881736401
0.04132700506588911
0.04132700506588911
0.03968627184187328
0.0388205122338187
0.03776473257883336
0.03750298466665047
0.037273405070212894
0.037639487476015074
0.03683287184964725
0.03595978578633466
0.03565172740829511
0.03451351457229002
0.03397675607081926
0.033256534378899374
0.03318813967716282
0.03285732854725098
0.03246538702837003
0.03220118677180637
0.03174249540837846
0.031645338913217066
0.03125161449533543
0.03045165474410802
0.029774764805446722
0.02948239589372474
0.028664238580234005
0.028500648000301502
0.027616955505977
0.02758972911503892
0.026374407023474447
0.02481856835773565
0.023727512195623177
0.022994644439119322
0.021873591958582142
0.02135843709523834
0.02066155418385029
0.019438682090566844
0.019092717632877357
0.01829729107677029
0.017498048270063286
0.016997044025100046
0.015404089368637406
0.014149598238312664
0.0136603244176445
0.01253082855970374
0.011254314750207444
0.010575888159363014
0.01003791268893302
0.009694391859895778
0.008442317928193263
0.0070851719648462996
0.0071668207892060165
0.006100412453958042
0.004493952287629096
0.0033391889860258438
0.0034887170962088596
0.004875803255444236
0.003946633265657204
0.002219640238408789
0.0005235318048599962
0.001337503032013506
0.0035455296659327225
0.005233535582872633
0.005038507256991808
0.004118242664865665
0.00469082510568735
0.005610984825045442
0.006783409125681296
0.007795366187585143
0.007985352106663436
0.008262808910950251
0.008058906768854155
0.008112068108753123
0.008266337717988561
0.008868725705241184
0.009227123262501432
0.010026559893594545
0.010677271959924788
0.012067621609951375
0.013320334048523506
0.013585387876816459
0.013897719939726692
0.014473251135389371
0.014629945229495425
0.015145960150902249
0.015181621195559677
0.015834995896807376
0.01622390180962732
0.017168900963618016
0.017190930228872307
0.017210758366736467
0.017532012959544683
0.01773906719421095
0.018891154423913946
0.019362789668822895
0.019956111197633852
0.02016880470834092
0.020284922268914846
0.020777024059447684
0.02132812542797609
0.02180162757688255
0.022161966475768773
0.022966837972393385
0.023631514834024887
0.023940221538251077
0.02417773151372133
0.024674311455978898
0.02511307050693299
0.025751913313908636
0.026807623905016897
0.028252181811070653
0.029129145065924757
0.03005389953459049
0.031018114110252567
0.031613953243095495
0.0318288802408547
0.032196388723726495
0.032353353880712046
0.0329474207193692
0.03330731369336494
0.033528561385825675
0.03387484145924417
0.034667618322533525
0.03513382848276864
0.03559922904459971
0.03629042780332245
0.03753443202397398
0.03895251179652571
0.039804795028182294
0.04127837785112795
0.04152069760099061
0.042233140754087566
0.04277345354129742
0.04373869524956371
0.044552499739109026
0.045277502442827404
0.04571853464072793
0.04611750345230129
0.047116659109165036
0.04713640998868362
0.04708319583131399
0.04740134798014709
0.04848814136307037
0.049201789908757274
0.049829595465995254
0.050774859446979466
0.05198215631769386
0.05268096380680232
0.05403987888560574
0.0545196722273565
0.05643628044717813
0.0572007621467562
0.05791892997438189
0.0583511787271735
0.05920672964846853
0.05982506673056749
0.060237082419457195
0.060828591286920204
0.061888559455118945
0.06210605928410118
0.06249261209895824
0.06328477392868752
0.06413578880411308
0.06525089195231096
0.0655589380378164
0.06623546522506192
0.06715393612809649
0.0675113403226844
0.06734837175643342
0.06784052008490835
0.06823696283669566
0.06859676565727359
0.06892155686896537
0.0694614050604674
0.07006326532922079
0.07086191493946815
0.07160013801034451
0.07212253236834144
0.07244818876514618
0.07260427131973536
0.0731022974931193
0.07343264658068373
0.07335874649194883
0.0735826009533381
0.07427367629906241
0.07570467900386275
0.07509121390484727
0.0762786899145955
0.0764965054980647
0.0776882199032518
0.07828829221828329
0.07948809651424904
0.07966781062955902
0.07999679928626621
0.0801690811717431
0.08151942701102424
0.08177205665231085
0.08174749767226365
0.08309460985246035
0.08301591180573947
0.08350024799830197
0.08465351583528967
0.08514199848127112
0.0867199408738485
0.08647597512887277
0.08673190759245335
0.08713598868279826
0.08732477087844365
0.08721389859668019
0.08772091823913782
0.08795258633430449
0.08868903192259057
0.08862100788665075
0.08942915670403945
0.08975711646603639
0.08992177390349823
0.0904028449791984
0.09085047773483654
0.09131812506368771
0.09162719805388166
0.09162086185702444
0.09187566397898031
0.09249454140530998
0.09247545597039787
0.09280126394845604
0.09301465200170823
0.09333080085949974
0.09389180206188513
0.09416212798364176
0.09549119315245384
0.09625338853376407
0.09727345072613988
0.09738339338082742
0.09776866808635862
0.0985028937678874
0.09838412767772338
0.0992743395943673
0.0997651497703747
0.09981984952046297
0.10051884060736634
0.10082897546919321
0.10124430996239428
0.10163840073914024
0.1015040874171795
0.10184679645200977
0.10200199022259965
0.10222551796423042
0.1031574372829849
0.1041964125298837
0.10574061678704268
0.10703213542353653
0.10849039054175263
0.10966590685766095
0.1104031430232599
0.11188737762675552
0.11390017267210248
0.11388314862214997
0.11492719531077467
0.1153387180040527
0.11559488549926676
0.115988456480359
0.11652893048333858
0.11735124179256899
0.11816780554334085
0.11875057745025465
0.11891541873617978
0.119532537538462
0.12024791327543773
0.12108280653455532
0.12197427402429235
0.12307225218743148
0.1236753330360511
0.12400420466329429
0.12516730168511772
0.12614479641472823
0.1276382139763421
0.12873230230536686
0.12856469685629265
0.12952816390354746
0.12991876994529608
0.13060804874863813
0.13130171825278955
0.1321411386102104
0.13356950313884067
0.1344136840736695
0.13516253143412982
0.13651021901924787
0.13793446884080895
0.13903506729321502
0.1400830482836573
0.14168434705774324
0.1419141838770793
0.14239500339049924
0.14291167900324328
0.14386227829234835
0.14431732181149182
0.1443289106961316
0.14541891354406014
0.14623823991126988
0.14644706438572963
0.14643257666436957
0.146903320056041
0.14733786447154132
0.14795188451947788
0.1480671205001555
0.14920689221369768
0.14920689221369768
0.15023828482514381
0.15023828482514381
0.15304937396262508
0.15173951217305207
0.15216952005200837
0.15180625919195803
0.15191904186105884
0.15347505761304586
0.15398456951284253
0.15445773223819292
0.1545430508160832
0.15496970494092674
0.1553297140812834
0.15583955638862007
0.1561388615258297
0.15577149696266404
0.1571668652901373
0.15730554683436002
0.15724409106408802
0.1573205762479577
0.15735861424843078
0.15733002534424304
0.1573577955485995
0.1569232915515112
0.15699147253023293
0.15708007818107983
0.15692592680108744
0.15708245980565644
0.15703152542205212
0.15703817070050646
0.15718904333527994
0.15804226509670094
0.1582268622943188
0.15844514553336253
0.1588939129376751
0.15918473173440467
0.1593120797497568
0.1606564437021976
0.16142449172878476
0.16257947109457133
0.16365523406821683
0.16500474554713115
0.16555711019227554
0.1660959374785722
0.16760287517617492
0.16885298802268614
0.16885298802268614
0.17203083593695695
0.1717278716333565
0.17303413577519547
0.17384814405993168
0.1756526608324372
0.1757933175747674
0.1763850421294012
0.17737614585966555
0.1783703320330303
0.179339608584319
0.18014083889266158
0.18063689316499848
0.18051735604675703
0.18185829888490612
0.18258609975146628
0.183450778906001
0.1840632247192839
0.1847548481544796
0.18554463572897417
0.18621504321908197
0.1867719743087812
0.18760367460758717
0.18749335674504844
0.18845831283350778
0.188933491944268
0.18972114159940504
0.19058155846645133
0.1911120706594699
0.19298870602833834
0.19494136626926264
0.1958624775328711
0.19591273003200138
0.19738861033740948
0.19863182159460546
0.19902937375517832
0.20044107716771797
0.20137257388769803
0.20173148336552887
0.20305343285475008
0.2036828664401858
0.20430317956069655
0.20554432640970402
0.2060081300946691
0.20647217797542633
0.20672296795230966
0.206561966215847
0.20708283302188585
0.20782964593662864
0.20844392688070693
0.20858175311613536
0.20906719982341607
0.21010148217109517
0.211034886743461
0.21198429972779906
0.21265752878564714
0.21417916293729372
0.2150718080499494
0.21627925790914485
0.2174086211466814
0.2179400442006801
0.2191884470872851
0.22009817261127165
0.22085793871141524
0.22195351934719273
0.22281539252339796
0.22367909585018542
0.2244016302409787
0.22592293772164568
0.22715143344058095
0.2282174642493421
0.22934777241881607
0.23050113420996535
0.23157028403809365
0.2327001078689459
0.23322424591955845
0.23414687536515152
0.23515688987014716
0.23609877763572776
0.2365493508084928
0.23785641106772662
0.23872534526850192
0.23909372585285807
0.2395875952248553
0.24089004996551816
0.24175450009335814
0.24260795053078207
0.2428390091066773
0.24409393959138528
0.24492377358555525
0.24564458419447113
0.24663395030521645
0.24773318478132555
0.2489211445549112
0.24956971905304348
0.2504886880599766
0.2525790926443569
0.25324538562413257
0.25492290738793644
0.25608571801198854
0.25717590618980746
0.25802743139605
0.2592430830316216
0.2600171336024463
0.2613418900367848
0.2621649267602758
0.2624284702038953
0.2635771194487306
0.26470986251735384
0.2650237629717679
0.2656031885001196
0.26637278695890576
0.26695184681891465
0.2673320128576766
0.26847690335675606
0.26916879076135797
0.26991663227276647
0.2701860720072681
0.2706026159396839
0.270910996799645
0.2710676951124564
0.27131457112241614
0.2714236002580507
0.2720317107645195
0.27257770807591625
0.2734285376930406
0.27386841233178366
0.27468142008642576
0.2758249205827896
0.2771416656428576
0.2782754602962476
0.2787756432320028
0.2794806957407076
0.2808728592908884
0.28067158348703586
0.2824271581585696
0.28307795977140954
0.2842756151111757
0.2849250666919723
0.2860747442942985
0.2881496096595487
0.29072806809871243
0.2928800013979805
0.29666849606591467
0.29741339531113686
0.300679884949046
0.30398318100166993
0.30628071604145213
0.3105278433388084
0.31376473452457965
0.3161799174038676
0.31971588096561815
0.32273898591144595
0.3263786754173044
0.3314130858101863
0.33521317687100166
0.33915951457658805
0.3445475359573817
0.349891647496877
0.3566685557374125
0.36188426142849306
0.36696046449703074
0.3724442769147135
0.37773754739224874
0.3817632003069766
0.38716860812635145
0.3916871977959476
0.39739772257493033
0.4033912199235157
0.407981161073927
0.41438079046889387
0.41759973758808033
0.43047106450523126
0.43203658985743143
0.4337220124814253
0.4372453301668362
0.44031839051238725
0.4435291309932795
0.44773584097020125
